Car -1 -1 -10 601 176 719 256 1.5 1.5 2 0 0 0 0 0.993
Car -1 -1 -10 944 209 1230 375 1.5 1.5 2 0 0 0 0 0.991
Car -1 -1 -10 340 177 614 351 1.5 1.5 2 0 0 0 0 0.983
Car -1 -1 -10 16 176 398 384 1.5 1.5 2 0 0 0 0 0.975
Car -1 -1 -10 884 182 952 234 1.5 1.5 2 0 0 0 0 0.975
Car -1 -1 -10 862 172 886 190 1.5 1.5 2 0 0 0 0 0.939
Car -1 -1 -10 741 170 789 208 1.5 1.5 2 0 0 0 0 0.905
Car -1 -1 -10 804 170 820 184 1.5 1.5 2 0 0 0 0 0.797
Car -1 -1 -10 816 168 841 184 1.5 1.5 2 0 0 0 0 0.743
Car -1 -1 -10 771 173 801 193 1.5 1.5 2 0 0 0 0 0.675
