Car -1 -1 -10 754 181 892 271 1.5 1.5 2 0 0 0 0 0.999
Car -1 -1 -10 -5 206 327 374 1.5 1.5 2 0 0 0 0 0.991
Car -1 -1 -10 636 174 708 212 1.5 1.5 2 0 0 0 0 0.984
Car -1 -1 -10 831 178 1269 380 1.5 1.5 2 0 0 0 0 0.981
Car -1 -1 -10 482 174 570 238 1.5 1.5 2 0 0 0 0 0.959
Car -1 -1 -10 823 167 857 181 1.5 1.5 2 0 0 0 0 0.918
Car -1 -1 -10 967 155 1005 189 1.5 1.5 2 0 0 0 0 0.883
Car -1 -1 -10 903 156 969 196 1.5 1.5 2 0 0 0 0 0.830
Car -1 -1 -10 709 171 735 195 1.5 1.5 2 0 0 0 0 0.754
Car -1 -1 -10 795 170 825 182 1.5 1.5 2 0 0 0 0 0.725
Car -1 -1 -10 736 161 790 189 1.5 1.5 2 0 0 0 0 0.659
Car -1 -1 -10 316 168 474 280 1.5 1.5 2 0 0 0 0 0.655
Car -1 -1 -10 318 185 352 203 1.5 1.5 2 0 0 0 0 0.598
