Car -1 -1 -10 138 199 340 287 1.5 1.5 2 0 0 0 0 0.994
Car -1 -1 -10 775 174 959 270 1.5 1.5 2 0 0 0 0 0.989
Car -1 -1 -10 596 182 666 244 1.5 1.5 2 0 0 0 0 0.973
Car -1 -1 -10 68 183 208 241 1.5 1.5 2 0 0 0 0 0.955
Car -1 -1 -10 700 184 790 228 1.5 1.5 2 0 0 0 0 0.950
Car -1 -1 -10 527 182 557 202 1.5 1.5 2 0 0 0 0 0.910
Car -1 -1 -10 338 177 398 227 1.5 1.5 2 0 0 0 0 0.906
Car -1 -1 -10 407 187 459 213 1.5 1.5 2 0 0 0 0 0.894
Car -1 -1 -10 588 184 604 198 1.5 1.5 2 0 0 0 0 0.840
Car -1 -1 -10 449 183 513 219 1.5 1.5 2 0 0 0 0 0.794
Car -1 -1 -10 674 183 712 217 1.5 1.5 2 0 0 0 0 0.579
Car -1 -1 -10 271 185 325 197 1.5 1.5 2 0 0 0 0 0.506
