Car -1 -1 -10 589 180 657 230 1.5 1.5 2 0 0 0 0 0.996
Car -1 -1 -10 308 180 486 264 1.5 1.5 2 0 0 0 0 0.991
Car -1 -1 -10 820 188 1050 334 1.5 1.5 2 0 0 0 0 0.987
Car -1 -1 -10 223 172 345 242 1.5 1.5 2 0 0 0 0 0.985
Car -1 -1 -10 1074 215 1232 375 1.5 1.5 2 0 0 0 0 0.984
Car -1 -1 -10 767 177 875 255 1.5 1.5 2 0 0 0 0 0.981
Car -1 -1 -10 21 179 249 269 1.5 1.5 2 0 0 0 0 0.964
Car -1 -1 -10 445 175 517 215 1.5 1.5 2 0 0 0 0 0.930
Car -1 -1 -10 -1 211 73 377 1.5 1.5 2 0 0 0 0 0.865
Car -1 -1 -10 502 174 554 210 1.5 1.5 2 0 0 0 0 0.820
Car -1 -1 -10 717 166 821 232 1.5 1.5 2 0 0 0 0 0.752
Car -1 -1 -10 530 159 590 193 1.5 1.5 2 0 0 0 0 0.687
Car -1 -1 -10 8 174 102 216 1.5 1.5 2 0 0 0 0 0.634
