Car -1 -1 -10 433 181 589 279 1.5 1.5 2 0 0 0 0 0.998
Car -1 -1 -10 59 186 387 306 1.5 1.5 2 0 0 0 0 0.993
Car -1 -1 -10 1201 155 1237 171 1.5 1.5 2 0 0 0 0 0.906
Car -1 -1 -10 671 173 695 193 1.5 1.5 2 0 0 0 0 0.905
Car -1 -1 -10 704 171 740 201 1.5 1.5 2 0 0 0 0 0.864
Car -1 -1 -10 1170 157 1202 175 1.5 1.5 2 0 0 0 0 0.830
Car -1 -1 -10 1039 161 1079 177 1.5 1.5 2 0 0 0 0 0.677
Car -1 -1 -10 1136 158 1172 174 1.5 1.5 2 0 0 0 0 0.650
Car -1 -1 -10 656 173 668 183 1.5 1.5 2 0 0 0 0 0.523
Car -1 -1 -10 1103 159 1141 175 1.5 1.5 2 0 0 0 0 0.511
