Car -1 -1 -10 522 192 552 218 1.5 1.5 2 0 0 0 0 0.937
Car -1 -1 -10 732 183 762 199 1.5 1.5 2 0 0 0 0 0.780
Car -1 -1 -10 1092 199 1152 221 1.5 1.5 2 0 0 0 0 0.778
Car -1 -1 -10 485 193 501 207 1.5 1.5 2 0 0 0 0 0.730
Car -1 -1 -10 1203 191 1241 225 1.5 1.5 2 0 0 0 0 0.729
Car -1 -1 -10 771 183 807 199 1.5 1.5 2 0 0 0 0 0.716
Car -1 -1 -10 504 187 524 205 1.5 1.5 2 0 0 0 0 0.675
Car -1 -1 -10 1004 196 1044 218 1.5 1.5 2 0 0 0 0 0.634
Car -1 -1 -10 685 185 709 197 1.5 1.5 2 0 0 0 0 0.629
Car -1 -1 -10 571 185 607 219 1.5 1.5 2 0 0 0 0 0.619
Car -1 -1 -10 645 184 673 194 1.5 1.5 2 0 0 0 0 0.587
Car -1 -1 -10 1048 196 1090 216 1.5 1.5 2 0 0 0 0 0.579
Car -1 -1 -10 693 184 723 198 1.5 1.5 2 0 0 0 0 0.573
