Car -1 -1 -10 356 183 526 299 1.5 1.5 2 0 0 0 0 0.999
Car -1 -1 -10 902 234 1222 366 1.5 1.5 2 0 0 0 0 0.995
Car -1 -1 -10 564 175 618 213 1.5 1.5 2 0 0 0 0 0.972
Car -1 -1 -10 719 183 799 247 1.5 1.5 2 0 0 0 0 0.966
Car -1 -1 -10 -6 179 346 373 1.5 1.5 2 0 0 0 0 0.877
Car -1 -1 -10 585 180 626 206 1.5 1.5 2 0 0 0 0 0.856
Car -1 -1 -10 636 174 652 188 1.5 1.5 2 0 0 0 0 0.835
Car -1 -1 -10 684 173 706 195 1.5 1.5 2 0 0 0 0 0.737
Car -1 -1 -10 626 177 640 189 1.5 1.5 2 0 0 0 0 0.569
Car -1 -1 -10 712 185 781 231 1.5 1.5 2 0 0 0 0 0.513
