Car -1 -1 -10 -5 187 321 329 1.5 1.5 2 0 0 0 0 0.998
Car -1 -1 -10 353 183 569 299 1.5 1.5 2 0 0 0 0 0.998
Car -1 -1 -10 670 173 696 195 1.5 1.5 2 0 0 0 0 0.954
Car -1 -1 -10 1200 155 1236 171 1.5 1.5 2 0 0 0 0 0.914
Car -1 -1 -10 1170 156 1202 174 1.5 1.5 2 0 0 0 0 0.871
Car -1 -1 -10 700 171 740 201 1.5 1.5 2 0 0 0 0 0.821
Car -1 -1 -10 1039 160 1079 176 1.5 1.5 2 0 0 0 0 0.691
Car -1 -1 -10 1136 158 1172 174 1.5 1.5 2 0 0 0 0 0.680
Car -1 -1 -10 510 174 552 192 1.5 1.5 2 0 0 0 0 0.655
Car -1 -1 -10 681 173 699 189 1.5 1.5 2 0 0 0 0 0.643
Car -1 -1 -10 1103 159 1141 175 1.5 1.5 2 0 0 0 0 0.544
Car -1 -1 -10 535 177 561 193 1.5 1.5 2 0 0 0 0 0.532
