Car -1 -1 -10 882 148 1238 304 1.5 1.5 2 0 0 0 0 0.999
Car -1 -1 -10 348 179 446 249 1.5 1.5 2 0 0 0 0 0.994
Car -1 -1 -10 433 175 537 253 1.5 1.5 2 0 0 0 0 0.960
Car -1 -1 -10 814 146 960 192 1.5 1.5 2 0 0 0 0 0.940
Car -1 -1 -10 651 165 703 199 1.5 1.5 2 0 0 0 0 0.923
Car -1 -1 -10 565 166 589 178 1.5 1.5 2 0 0 0 0 0.893
Car -1 -1 -10 518 173 540 191 1.5 1.5 2 0 0 0 0 0.720
Car -1 -1 -10 964 140 1036 180 1.5 1.5 2 0 0 0 0 0.661
Car -1 -1 -10 620 171 644 189 1.5 1.5 2 0 0 0 0 0.643
Car -1 -1 -10 600 172 632 192 1.5 1.5 2 0 0 0 0 0.632
Car -1 -1 -10 632 171 656 191 1.5 1.5 2 0 0 0 0 0.616
