Car -1 -1 -10 225 190 391 306 1.5 1.5 2 0 0 0 0 0.988
Car -1 -1 -10 726 176 799 224 1.5 1.5 2 0 0 0 0 0.986
Car -1 -1 -10 6 216 246 372 1.5 1.5 2 0 0 0 0 0.976
Car -1 -1 -10 522 171 582 205 1.5 1.5 2 0 0 0 0 0.969
Car -1 -1 -10 590 174 612 186 1.5 1.5 2 0 0 0 0 0.864
Car -1 -1 -10 752 167 888 257 1.5 1.5 2 0 0 0 0 0.759
Car -1 -1 -10 622 171 642 179 1.5 1.5 2 0 0 0 0 0.741
Car -1 -1 -10 688 173 721 195 1.5 1.5 2 0 0 0 0 0.710
Car -1 -1 -10 701 173 753 207 1.5 1.5 2 0 0 0 0 0.693
Car -1 -1 -10 597 172 617 184 1.5 1.5 2 0 0 0 0 0.621
Car -1 -1 -10 637 171 649 177 1.5 1.5 2 0 0 0 0 0.512
