Car -1 -1 -10 7 242 329 372 1.5 1.5 2 0 0 0 0 0.998
Car -1 -1 -10 876 183 1238 379 1.5 1.5 2 0 0 0 0 0.993
Car -1 -1 -10 661 182 727 230 1.5 1.5 2 0 0 0 0 0.993
Car -1 -1 -10 569 179 627 223 1.5 1.5 2 0 0 0 0 0.993
Car -1 -1 -10 209 200 459 348 1.5 1.5 2 0 0 0 0 0.981
Car -1 -1 -10 522 179 568 213 1.5 1.5 2 0 0 0 0 0.980
Car -1 -1 -10 452 176 504 210 1.5 1.5 2 0 0 0 0 0.927
Car -1 -1 -10 363 176 469 236 1.5 1.5 2 0 0 0 0 0.917
Car -1 -1 -10 32 186 186 238 1.5 1.5 2 0 0 0 0 0.874
Car -1 -1 -10 492 181 526 201 1.5 1.5 2 0 0 0 0 0.704
Car -1 -1 -10 630 172 667 196 1.5 1.5 2 0 0 0 0 0.573
