Car -1 -1 -10 758 186 1012 324 1.5 1.5 2 0 0 0 0 0.999
Car -1 -1 -10 687 179 775 237 1.5 1.5 2 0 0 0 0 0.991
Car -1 -1 -10 869 218 1235 368 1.5 1.5 2 0 0 0 0 0.988
Car -1 -1 -10 3 196 153 254 1.5 1.5 2 0 0 0 0 0.970
Car -1 -1 -10 178 190 310 244 1.5 1.5 2 0 0 0 0 0.960
Car -1 -1 -10 663 178 691 206 1.5 1.5 2 0 0 0 0 0.941
Car -1 -1 -10 498 182 526 200 1.5 1.5 2 0 0 0 0 0.880
Car -1 -1 -10 607 181 627 197 1.5 1.5 2 0 0 0 0 0.866
Car -1 -1 -10 638 179 650 189 1.5 1.5 2 0 0 0 0 0.630
Car -1 -1 -10 463 186 499 208 1.5 1.5 2 0 0 0 0 0.564
Car -1 -1 -10 651 180 685 202 1.5 1.5 2 0 0 0 0 0.501
