Car -1 -1 -10 722 170 756 194 1.5 1.5 2 0 0 0 0 0.960
Car -1 -1 -10 632 171 680 199 1.5 1.5 2 0 0 0 0 0.956
Car -1 -1 -10 1202 155 1236 171 1.5 1.5 2 0 0 0 0 0.906
Car -1 -1 -10 349 183 413 217 1.5 1.5 2 0 0 0 0 0.887
Car -1 -1 -10 486 181 520 203 1.5 1.5 2 0 0 0 0 0.866
Car -1 -1 -10 686 172 704 186 1.5 1.5 2 0 0 0 0 0.852
Car -1 -1 -10 698 173 714 185 1.5 1.5 2 0 0 0 0 0.835
Car -1 -1 -10 1170 156 1202 174 1.5 1.5 2 0 0 0 0 0.825
Car -1 -1 -10 1039 160 1079 176 1.5 1.5 2 0 0 0 0 0.702
Car -1 -1 -10 295 192 317 206 1.5 1.5 2 0 0 0 0 0.653
Car -1 -1 -10 1136 158 1172 174 1.5 1.5 2 0 0 0 0 0.604
Car -1 -1 -10 533 180 565 196 1.5 1.5 2 0 0 0 0 0.573
Car -1 -1 -10 674 173 688 185 1.5 1.5 2 0 0 0 0 0.568
Car -1 -1 -10 1103 159 1139 175 1.5 1.5 2 0 0 0 0 0.526
