Car -1 -1 -10 1196 187 1240 351 1.5 1.5 2 0 0 0 0 0.979
Car -1 -1 -10 670 179 862 265 1.5 1.5 2 0 0 0 0 0.957
Car -1 -1 -10 899 139 1209 313 1.5 1.5 2 0 0 0 0 0.921
Car -1 -1 -10 586 185 692 245 1.5 1.5 2 0 0 0 0 0.886
Car -1 -1 -10 323 194 403 238 1.5 1.5 2 0 0 0 0 0.831
Car -1 -1 -10 177 191 191 201 1.5 1.5 2 0 0 0 0 0.735
Car -1 -1 -10 129 187 143 199 1.5 1.5 2 0 0 0 0 0.622
Car -1 -1 -10 216 195 280 241 1.5 1.5 2 0 0 0 0 0.545
Car -1 -1 -10 144 184 164 202 1.5 1.5 2 0 0 0 0 0.534
Car -1 -1 -10 171 190 181 200 1.5 1.5 2 0 0 0 0 0.522
