Car -1 -1 -10 496 170 576 230 1.5 1.5 2 0 0 0 0 0.988
Car -1 -1 -10 592 177 684 245 1.5 1.5 2 0 0 0 0 0.978
Car -1 -1 -10 1069 135 1201 197 1.5 1.5 2 0 0 0 0 0.957
Car -1 -1 -10 992 149 1078 179 1.5 1.5 2 0 0 0 0 0.938
Car -1 -1 -10 158 188 250 210 1.5 1.5 2 0 0 0 0 0.922
Car -1 -1 -10 36 193 100 221 1.5 1.5 2 0 0 0 0 0.874
Car -1 -1 -10 1197 134 1290 196 1.5 1.5 2 0 0 0 0 0.853
Car -1 -1 -10 568 170 598 188 1.5 1.5 2 0 0 0 0 0.756
Car -1 -1 -10 732 166 752 180 1.5 1.5 2 0 0 0 0 0.729
Car -1 -1 -10 260 189 284 199 1.5 1.5 2 0 0 0 0 0.535
