Car -1 -1 -10 382 196 498 270 1.5 1.5 2 0 0 0 0 0.999
Car -1 -1 -10 45 198 287 338 1.5 1.5 2 0 0 0 0 0.996
Car -1 -1 -10 277 196 381 278 1.5 1.5 2 0 0 0 0 0.996
Car -1 -1 -10 417 168 530 242 1.5 1.5 2 0 0 0 0 0.931
Car -1 -1 -10 1118 146 1242 260 1.5 1.5 2 0 0 0 0 0.927
Car -1 -1 -10 548 179 574 199 1.5 1.5 2 0 0 0 0 0.877
Car -1 -1 -10 628 177 696 207 1.5 1.5 2 0 0 0 0 0.763
Car -1 -1 -10 374 186 452 228 1.5 1.5 2 0 0 0 0 0.755
Car -1 -1 -10 616 182 640 204 1.5 1.5 2 0 0 0 0 0.639
Car -1 -1 -10 500 184 545 214 1.5 1.5 2 0 0 0 0 0.538
