Car -1 -1 -10 566 178 624 224 1.5 1.5 2 0 0 0 0 0.996
Car -1 -1 -10 14 215 402 371 1.5 1.5 2 0 0 0 0 0.994
Car -1 -1 -10 817 181 1225 379 1.5 1.5 2 0 0 0 0 0.980
Car -1 -1 -10 309 199 463 321 1.5 1.5 2 0 0 0 0 0.974
Car -1 -1 -10 522 178 564 210 1.5 1.5 2 0 0 0 0 0.973
Car -1 -1 -10 652 180 716 228 1.5 1.5 2 0 0 0 0 0.923
Car -1 -1 -10 457 177 495 211 1.5 1.5 2 0 0 0 0 0.827
Car -1 -1 -10 493 181 527 201 1.5 1.5 2 0 0 0 0 0.767
Car -1 -1 -10 375 179 459 211 1.5 1.5 2 0 0 0 0 0.649
Car -1 -1 -10 417 181 479 217 1.5 1.5 2 0 0 0 0 0.623
Car -1 -1 -10 620 173 642 195 1.5 1.5 2 0 0 0 0 0.607
