Car -1 -1 -10 727 196 979 358 1.5 1.5 2 0 0 0 0 0.991
Car -1 -1 -10 339 192 481 322 1.5 1.5 2 0 0 0 0 0.990
Car -1 -1 -10 982 240 1226 364 1.5 1.5 2 0 0 0 0 0.990
Car -1 -1 -10 7 182 407 376 1.5 1.5 2 0 0 0 0 0.973
Car -1 -1 -10 657 187 709 237 1.5 1.5 2 0 0 0 0 0.946
Car -1 -1 -10 693 187 789 265 1.5 1.5 2 0 0 0 0 0.914
Car -1 -1 -10 448 188 512 264 1.5 1.5 2 0 0 0 0 0.901
Car -1 -1 -10 516 187 556 227 1.5 1.5 2 0 0 0 0 0.839
Car -1 -1 -10 547 172 581 210 1.5 1.5 2 0 0 0 0 0.595
Car -1 -1 -10 573 179 595 207 1.5 1.5 2 0 0 0 0 0.590
