Car -1 -1 -10 153 210 359 350 1.5 1.5 2 0 0 0 0 0.995
Car -1 -1 -10 335 198 441 282 1.5 1.5 2 0 0 0 0 0.971
Car -1 -1 -10 9 214 169 372 1.5 1.5 2 0 0 0 0 0.942
Car -1 -1 -10 716 186 779 228 1.5 1.5 2 0 0 0 0 0.934
Car -1 -1 -10 537 187 579 213 1.5 1.5 2 0 0 0 0 0.915
Car -1 -1 -10 742 180 838 254 1.5 1.5 2 0 0 0 0 0.882
Car -1 -1 -10 600 185 624 199 1.5 1.5 2 0 0 0 0 0.858
Car -1 -1 -10 692 183 724 215 1.5 1.5 2 0 0 0 0 0.805
Car -1 -1 -10 572 188 594 206 1.5 1.5 2 0 0 0 0 0.699
Car -1 -1 -10 690 185 723 207 1.5 1.5 2 0 0 0 0 0.551
