Car -1 -1 -10 163 191 315 259 1.5 1.5 2 0 0 0 0 0.997
Car -1 -1 -10 373 187 487 261 1.5 1.5 2 0 0 0 0 0.996
Car -1 -1 -10 10 214 284 374 1.5 1.5 2 0 0 0 0 0.988
Car -1 -1 -10 338 184 390 228 1.5 1.5 2 0 0 0 0 0.980
Car -1 -1 -10 695 189 797 259 1.5 1.5 2 0 0 0 0 0.957
Car -1 -1 -10 456 177 516 237 1.5 1.5 2 0 0 0 0 0.945
Car -1 -1 -10 537 183 553 201 1.5 1.5 2 0 0 0 0 0.846
Car -1 -1 -10 581 180 611 202 1.5 1.5 2 0 0 0 0 0.836
Car -1 -1 -10 511 186 541 206 1.5 1.5 2 0 0 0 0 0.782
Car -1 -1 -10 649 183 685 215 1.5 1.5 2 0 0 0 0 0.781
Car -1 -1 -10 484 183 526 211 1.5 1.5 2 0 0 0 0 0.779
Car -1 -1 -10 621 184 637 196 1.5 1.5 2 0 0 0 0 0.543
