Car -1 -1 -10 -152 166 152 368 1.5 1.5 2 0 0 0 0 0.994
Car -1 -1 -10 727 177 817 213 1.5 1.5 2 0 0 0 0 0.992
Car -1 -1 -10 931 205 1237 375 1.5 1.5 2 0 0 0 0 0.986
Car -1 -1 -10 129 184 335 300 1.5 1.5 2 0 0 0 0 0.973
Car -1 -1 -10 303 175 437 243 1.5 1.5 2 0 0 0 0 0.911
Car -1 -1 -10 189 181 351 249 1.5 1.5 2 0 0 0 0 0.824
Car -1 -1 -10 626 178 662 202 1.5 1.5 2 0 0 0 0 0.791
Car -1 -1 -10 344 163 478 225 1.5 1.5 2 0 0 0 0 0.751
Car -1 -1 -10 409 166 485 220 1.5 1.5 2 0 0 0 0 0.657
Car -1 -1 -10 495 175 533 191 1.5 1.5 2 0 0 0 0 0.562
Car -1 -1 -10 478 174 510 204 1.5 1.5 2 0 0 0 0 0.532
