Car -1 -1 -10 794 204 1084 376 1.5 1.5 2 0 0 0 0 0.998
Car -1 -1 -10 131 181 345 279 1.5 1.5 2 0 0 0 0 0.978
Car -1 -1 -10 425 182 507 214 1.5 1.5 2 0 0 0 0 0.965
Car -1 -1 -10 -4 181 216 363 1.5 1.5 2 0 0 0 0 0.964
Car -1 -1 -10 795 183 923 245 1.5 1.5 2 0 0 0 0 0.963
Car -1 -1 -10 2 283 141 375 1.5 1.5 2 0 0 0 0 0.867
Car -1 -1 -10 287 170 451 248 1.5 1.5 2 0 0 0 0 0.858
Car -1 -1 -10 718 174 874 228 1.5 1.5 2 0 0 0 0 0.674
Car -1 -1 -10 632 163 690 215 1.5 1.5 2 0 0 0 0 0.628
Car -1 -1 -10 520 182 546 198 1.5 1.5 2 0 0 0 0 0.555
