Car -1 -1 -10 150 177 352 253 1.5 1.5 2 0 0 0 0 0.998
Car -1 -1 -10 455 175 541 239 1.5 1.5 2 0 0 0 0 0.995
Car -1 -1 -10 759 186 981 360 1.5 1.5 2 0 0 0 0 0.986
Car -1 -1 -10 504 179 564 219 1.5 1.5 2 0 0 0 0 0.965
Car -1 -1 -10 698 191 796 279 1.5 1.5 2 0 0 0 0 0.960
Car -1 -1 -10 640 177 668 201 1.5 1.5 2 0 0 0 0 0.791
Car -1 -1 -10 573 172 587 186 1.5 1.5 2 0 0 0 0 0.703
Car -1 -1 -10 601 170 615 182 1.5 1.5 2 0 0 0 0 0.548
Car -1 -1 -10 591 169 607 185 1.5 1.5 2 0 0 0 0 0.545
Car -1 -1 -10 641 172 669 190 1.5 1.5 2 0 0 0 0 0.520
