Car -1 -1 -10 794 176 1006 348 1.5 1.5 2 0 0 0 0 1.000
Car -1 -1 -10 622 184 778 284 1.5 1.5 2 0 0 0 0 0.999
Car -1 -1 -10 247 182 321 250 1.5 1.5 2 0 0 0 0 0.988
Car -1 -1 -10 554 177 636 239 1.5 1.5 2 0 0 0 0 0.981
Car -1 -1 -10 106 199 278 293 1.5 1.5 2 0 0 0 0 0.971
Car -1 -1 -10 279 186 345 230 1.5 1.5 2 0 0 0 0 0.965
Car -1 -1 -10 430 170 466 208 1.5 1.5 2 0 0 0 0 0.904
Car -1 -1 -10 490 177 536 207 1.5 1.5 2 0 0 0 0 0.727
Car -1 -1 -10 501 178 555 214 1.5 1.5 2 0 0 0 0 0.661
Car -1 -1 -10 408 175 420 185 1.5 1.5 2 0 0 0 0 0.647
Car -1 -1 -10 458 175 488 195 1.5 1.5 2 0 0 0 0 0.575
Car -1 -1 -10 396 176 408 190 1.5 1.5 2 0 0 0 0 0.523
