Car -1 -1 -10 294 182 386 234 1.5 1.5 2 0 0 0 0 0.998
Car -1 -1 -10 753 187 1191 377 1.5 1.5 2 0 0 0 0 0.997
Car -1 -1 -10 1 218 109 326 1.5 1.5 2 0 0 0 0 0.986
Car -1 -1 -10 97 187 283 283 1.5 1.5 2 0 0 0 0 0.983
Car -1 -1 -10 707 176 837 276 1.5 1.5 2 0 0 0 0 0.978
Car -1 -1 -10 650 170 702 206 1.5 1.5 2 0 0 0 0 0.947
Car -1 -1 -10 581 179 621 201 1.5 1.5 2 0 0 0 0 0.911
Car -1 -1 -10 632 172 654 190 1.5 1.5 2 0 0 0 0 0.820
Car -1 -1 -10 621 173 639 187 1.5 1.5 2 0 0 0 0 0.648
Car -1 -1 -10 587 173 613 193 1.5 1.5 2 0 0 0 0 0.545
