Car -1 -1 -10 699 182 817 264 1.5 1.5 2 0 0 0 0 0.998
Car -1 -1 -10 5 237 315 365 1.5 1.5 2 0 0 0 0 0.985
Car -1 -1 -10 655 180 695 218 1.5 1.5 2 0 0 0 0 0.969
Car -1 -1 -10 674 177 748 237 1.5 1.5 2 0 0 0 0 0.963
Car -1 -1 -10 828 168 1242 380 1.5 1.5 2 0 0 0 0 0.934
Car -1 -1 -10 313 192 393 224 1.5 1.5 2 0 0 0 0 0.929
Car -1 -1 -10 598 181 622 199 1.5 1.5 2 0 0 0 0 0.924
Car -1 -1 -10 639 182 653 196 1.5 1.5 2 0 0 0 0 0.805
Car -1 -1 -10 503 183 529 201 1.5 1.5 2 0 0 0 0 0.545
Car -1 -1 -10 69 197 149 227 1.5 1.5 2 0 0 0 0 0.539
