Car -1 -1 -10 324 193 390 267 1.5 1.5 2 0 0 0 0 0.998
Car -1 -1 -10 725 170 963 324 1.5 1.5 2 0 0 0 0 0.998
Car -1 -1 -10 371 186 425 236 1.5 1.5 2 0 0 0 0 0.994
Car -1 -1 -10 -1 220 133 370 1.5 1.5 2 0 0 0 0 0.993
Car -1 -1 -10 669 177 755 255 1.5 1.5 2 0 0 0 0 0.939
Car -1 -1 -10 646 183 733 241 1.5 1.5 2 0 0 0 0 0.858
Car -1 -1 -10 631 174 698 218 1.5 1.5 2 0 0 0 0 0.845
Car -1 -1 -10 85 178 327 322 1.5 1.5 2 0 0 0 0 0.812
Car -1 -1 -10 540 173 554 183 1.5 1.5 2 0 0 0 0 0.689
Car -1 -1 -10 581 171 620 197 1.5 1.5 2 0 0 0 0 0.612
Car -1 -1 -10 557 164 591 202 1.5 1.5 2 0 0 0 0 0.580
Car -1 -1 -10 524 174 538 186 1.5 1.5 2 0 0 0 0 0.532
