Car -1 -1 -10 778 184 968 286 1.5 1.5 2 0 0 0 0 0.995
Car -1 -1 -10 995 213 1235 369 1.5 1.5 2 0 0 0 0 0.990
Car -1 -1 -10 628 170 700 214 1.5 1.5 2 0 0 0 0 0.990
Car -1 -1 -10 439 182 551 248 1.5 1.5 2 0 0 0 0 0.975
Car -1 -1 -10 700 170 728 196 1.5 1.5 2 0 0 0 0 0.965
Car -1 -1 -10 761 176 867 246 1.5 1.5 2 0 0 0 0 0.914
Car -1 -1 -10 730 164 760 186 1.5 1.5 2 0 0 0 0 0.785
Car -1 -1 -10 730 158 782 188 1.5 1.5 2 0 0 0 0 0.785
Car -1 -1 -10 989 149 1033 187 1.5 1.5 2 0 0 0 0 0.761
Car -1 -1 -10 914 151 990 195 1.5 1.5 2 0 0 0 0 0.743
Car -1 -1 -10 823 164 855 182 1.5 1.5 2 0 0 0 0 0.643
Car -1 -1 -10 182 168 422 314 1.5 1.5 2 0 0 0 0 0.576
