Car -1 -1 -10 297 198 471 314 1.5 1.5 2 0 0 0 0 0.998
Car -1 -1 -10 692 179 802 253 1.5 1.5 2 0 0 0 0 0.991
Car -1 -1 -10 508 180 558 218 1.5 1.5 2 0 0 0 0 0.985
Car -1 -1 -10 418 179 508 255 1.5 1.5 2 0 0 0 0 0.932
Car -1 -1 -10 537 179 572 201 1.5 1.5 2 0 0 0 0 0.927
Car -1 -1 -10 660 171 733 219 1.5 1.5 2 0 0 0 0 0.920
Car -1 -1 -10 633 172 655 192 1.5 1.5 2 0 0 0 0 0.915
Car -1 -1 -10 576 174 586 184 1.5 1.5 2 0 0 0 0 0.822
Car -1 -1 -10 673 174 752 226 1.5 1.5 2 0 0 0 0 0.803
Car -1 -1 -10 619 171 633 183 1.5 1.5 2 0 0 0 0 0.650
