Car -1 -1 -10 204 183 340 239 1.5 1.5 2 0 0 0 0 0.993
Car -1 -1 -10 438 181 520 215 1.5 1.5 2 0 0 0 0 0.950
Car -1 -1 -10 527 177 573 201 1.5 1.5 2 0 0 0 0 0.841
Car -1 -1 -10 569 179 623 203 1.5 1.5 2 0 0 0 0 0.736
Car -1 -1 -10 381 180 445 210 1.5 1.5 2 0 0 0 0 0.728
Car -1 -1 -10 -3 169 125 237 1.5 1.5 2 0 0 0 0 0.720
Car -1 -1 -10 615 176 635 188 1.5 1.5 2 0 0 0 0 0.655
Car -1 -1 -10 1179 166 1217 180 1.5 1.5 2 0 0 0 0 0.588
Car -1 -1 -10 650 177 668 189 1.5 1.5 2 0 0 0 0 0.585
Car -1 -1 -10 925 168 949 178 1.5 1.5 2 0 0 0 0 0.580
Car -1 -1 -10 1154 168 1180 180 1.5 1.5 2 0 0 0 0 0.535
