Car -1 -1 -10 800 187 1134 369 1.5 1.5 2 0 0 0 0 0.998
Car -1 -1 -10 443 178 509 222 1.5 1.5 2 0 0 0 0 0.989
Car -1 -1 -10 666 177 754 237 1.5 1.5 2 0 0 0 0 0.964
Car -1 -1 -10 4 198 290 382 1.5 1.5 2 0 0 0 0 0.943
Car -1 -1 -10 745 182 869 288 1.5 1.5 2 0 0 0 0 0.886
Car -1 -1 -10 251 171 355 231 1.5 1.5 2 0 0 0 0 0.872
Car -1 -1 -10 462 172 519 210 1.5 1.5 2 0 0 0 0 0.810
Car -1 -1 -10 583 172 607 186 1.5 1.5 2 0 0 0 0 0.690
Car -1 -1 -10 536 174 556 190 1.5 1.5 2 0 0 0 0 0.676
Car -1 -1 -10 656 178 692 216 1.5 1.5 2 0 0 0 0 0.614
Car -1 -1 -10 490 174 540 206 1.5 1.5 2 0 0 0 0 0.563
