Car -1 -1 -10 134 181 300 273 1.5 1.5 2 0 0 0 0 0.974
Car -1 -1 -10 343 182 425 230 1.5 1.5 2 0 0 0 0 0.868
Car -1 -1 -10 649 175 677 193 1.5 1.5 2 0 0 0 0 0.831
Car -1 -1 -10 270 186 330 244 1.5 1.5 2 0 0 0 0 0.801
Car -1 -1 -10 588 179 612 189 1.5 1.5 2 0 0 0 0 0.788
Car -1 -1 -10 488 181 508 201 1.5 1.5 2 0 0 0 0 0.776
Car -1 -1 -10 437 179 487 211 1.5 1.5 2 0 0 0 0 0.750
Car -1 -1 -10 1184 144 1240 184 1.5 1.5 2 0 0 0 0 0.703
Car -1 -1 -10 1009 157 1095 177 1.5 1.5 2 0 0 0 0 0.677
Car -1 -1 -10 -3 196 159 316 1.5 1.5 2 0 0 0 0 0.562
Car -1 -1 -10 502 181 522 197 1.5 1.5 2 0 0 0 0 0.548
Car -1 -1 -10 598 178 618 188 1.5 1.5 2 0 0 0 0 0.515
