Car -1 -1 -10 638 184 758 246 1.5 1.5 2 0 0 0 0 0.998
Car -1 -1 -10 773 173 851 213 1.5 1.5 2 0 0 0 0 0.990
Car -1 -1 -10 13 173 471 347 1.5 1.5 2 0 0 0 0 0.988
Car -1 -1 -10 1072 192 1240 324 1.5 1.5 2 0 0 0 0 0.983
Car -1 -1 -10 999 173 1099 239 1.5 1.5 2 0 0 0 0 0.920
Car -1 -1 -10 870 170 918 192 1.5 1.5 2 0 0 0 0 0.832
Car -1 -1 -10 844 171 874 195 1.5 1.5 2 0 0 0 0 0.818
Car -1 -1 -10 969 167 1007 185 1.5 1.5 2 0 0 0 0 0.767
Car -1 -1 -10 1061 164 1101 186 1.5 1.5 2 0 0 0 0 0.679
Car -1 -1 -10 597 174 629 186 1.5 1.5 2 0 0 0 0 0.641
