Car -1 -1 -10 257 188 347 236 1.5 1.5 2 0 0 0 0 0.993
Car -1 -1 -10 91 196 285 290 1.5 1.5 2 0 0 0 0 0.993
Car -1 -1 -10 543 182 619 240 1.5 1.5 2 0 0 0 0 0.993
Car -1 -1 -10 2 238 189 362 1.5 1.5 2 0 0 0 0 0.978
Car -1 -1 -10 444 184 500 230 1.5 1.5 2 0 0 0 0 0.949
Car -1 -1 -10 1 171 91 261 1.5 1.5 2 0 0 0 0 0.922
Car -1 -1 -10 507 181 529 199 1.5 1.5 2 0 0 0 0 0.918
Car -1 -1 -10 342 184 398 216 1.5 1.5 2 0 0 0 0 0.911
Car -1 -1 -10 388 184 412 208 1.5 1.5 2 0 0 0 0 0.868
Car -1 -1 -10 222 172 292 216 1.5 1.5 2 0 0 0 0 0.686
