Car -1 -1 -10 909 210 1237 376 1.5 1.5 2 0 0 0 0 0.998
Car -1 -1 -10 142 201 370 327 1.5 1.5 2 0 0 0 0 0.997
Car -1 -1 -10 726 182 818 244 1.5 1.5 2 0 0 0 0 0.995
Car -1 -1 -10 436 185 492 235 1.5 1.5 2 0 0 0 0 0.994
Car -1 -1 -10 780 186 960 286 1.5 1.5 2 0 0 0 0 0.990
Car -1 -1 -10 351 192 451 258 1.5 1.5 2 0 0 0 0 0.981
Car -1 -1 -10 511 178 561 208 1.5 1.5 2 0 0 0 0 0.949
Car -1 -1 -10 699 176 751 224 1.5 1.5 2 0 0 0 0 0.911
Car -1 -1 -10 1068 174 1170 204 1.5 1.5 2 0 0 0 0 0.790
Car -1 -1 -10 573 175 611 189 1.5 1.5 2 0 0 0 0 0.668
Car -1 -1 -10 692 178 728 218 1.5 1.5 2 0 0 0 0 0.642
