Car -1 -1 -10 779 187 1089 375 1.5 1.5 2 0 0 0 0 0.999
Car -1 -1 -10 459 186 545 256 1.5 1.5 2 0 0 0 0 0.995
Car -1 -1 -10 583 176 641 216 1.5 1.5 2 0 0 0 0 0.995
Car -1 -1 -10 651 175 693 209 1.5 1.5 2 0 0 0 0 0.981
Car -1 -1 -10 273 178 407 248 1.5 1.5 2 0 0 0 0 0.949
Car -1 -1 -10 383 174 477 210 1.5 1.5 2 0 0 0 0 0.931
Car -1 -1 -10 5 180 247 336 1.5 1.5 2 0 0 0 0 0.738
Car -1 -1 -10 553 171 573 187 1.5 1.5 2 0 0 0 0 0.706
Car -1 -1 -10 502 177 560 239 1.5 1.5 2 0 0 0 0 0.660
Car -1 -1 -10 367 175 401 195 1.5 1.5 2 0 0 0 0 0.630
Car -1 -1 -10 492 175 567 225 1.5 1.5 2 0 0 0 0 0.534
