Car -1 -1 -10 -1 192 187 336 1.5 1.5 2 0 0 0 0 0.998
Car -1 -1 -10 935 225 1243 371 1.5 1.5 2 0 0 0 0 0.997
Car -1 -1 -10 137 215 445 375 1.5 1.5 2 0 0 0 0 0.997
Car -1 -1 -10 559 183 621 233 1.5 1.5 2 0 0 0 0 0.997
Car -1 -1 -10 342 190 488 292 1.5 1.5 2 0 0 0 0 0.990
Car -1 -1 -10 732 206 1058 374 1.5 1.5 2 0 0 0 0 0.989
Car -1 -1 -10 192 186 282 224 1.5 1.5 2 0 0 0 0 0.981
Car -1 -1 -10 408 188 515 258 1.5 1.5 2 0 0 0 0 0.974
Car -1 -1 -10 494 183 526 207 1.5 1.5 2 0 0 0 0 0.901
Car -1 -1 -10 526 181 562 207 1.5 1.5 2 0 0 0 0 0.886
Car -1 -1 -10 694 183 820 281 1.5 1.5 2 0 0 0 0 0.867
Car -1 -1 -10 312 188 382 224 1.5 1.5 2 0 0 0 0 0.733
Car -1 -1 -10 607 181 627 201 1.5 1.5 2 0 0 0 0 0.692
