Car -1 -1 -10 959 157 1239 345 1.5 1.5 2 0 0 0 0 0.998
Car -1 -1 -10 76 191 432 369 1.5 1.5 2 0 0 0 0 0.996
Car -1 -1 -10 397 192 495 270 1.5 1.5 2 0 0 0 0 0.991
Car -1 -1 -10 472 181 530 245 1.5 1.5 2 0 0 0 0 0.990
Car -1 -1 -10 883 164 987 248 1.5 1.5 2 0 0 0 0 0.966
Car -1 -1 -10 692 179 768 235 1.5 1.5 2 0 0 0 0 0.959
Car -1 -1 -10 753 167 827 211 1.5 1.5 2 0 0 0 0 0.920
Car -1 -1 -10 516 177 550 213 1.5 1.5 2 0 0 0 0 0.904
Car -1 -1 -10 731 171 793 217 1.5 1.5 2 0 0 0 0 0.755
Car -1 -1 -10 549 183 565 211 1.5 1.5 2 0 0 0 0 0.710
