Car -1 -1 -10 24 190 228 268 1.5 1.5 2 0 0 0 0 0.999
Car -1 -1 -10 232 176 310 214 1.5 1.5 2 0 0 0 0 0.982
Car -1 -1 -10 573 183 753 347 1.5 1.5 2 0 0 0 0 0.947
Car -1 -1 -10 345 180 423 214 1.5 1.5 2 0 0 0 0 0.921
Car -1 -1 -10 510 179 544 199 1.5 1.5 2 0 0 0 0 0.916
Car -1 -1 -10 711 172 835 230 1.5 1.5 2 0 0 0 0 0.873
Car -1 -1 -10 583 175 605 187 1.5 1.5 2 0 0 0 0 0.806
Car -1 -1 -10 1171 193 1426 363 1.5 1.5 2 0 0 0 0 0.761
Car -1 -1 -10 418 180 452 206 1.5 1.5 2 0 0 0 0 0.621
Car -1 -1 -10 53 185 91 209 1.5 1.5 2 0 0 0 0 0.576
