Car -1 -1 -10 7 223 213 371 1.5 1.5 2 0 0 0 0 0.994
Car -1 -1 -10 30 183 280 313 1.5 1.5 2 0 0 0 0 0.993
Car -1 -1 -10 764 191 996 319 1.5 1.5 2 0 0 0 0 0.992
Car -1 -1 -10 845 177 1071 269 1.5 1.5 2 0 0 0 0 0.959
Car -1 -1 -10 707 177 777 221 1.5 1.5 2 0 0 0 0 0.933
Car -1 -1 -10 323 175 433 241 1.5 1.5 2 0 0 0 0 0.879
Car -1 -1 -10 762 178 850 238 1.5 1.5 2 0 0 0 0 0.865
Car -1 -1 -10 193 188 367 274 1.5 1.5 2 0 0 0 0 0.856
Car -1 -1 -10 460 180 528 212 1.5 1.5 2 0 0 0 0 0.752
Car -1 -1 -10 630 179 670 203 1.5 1.5 2 0 0 0 0 0.698
