Car -1 -1 -10 787 175 1213 385 1.5 1.5 2 0 0 0 0 0.999
Car -1 -1 -10 139 189 287 245 1.5 1.5 2 0 0 0 0 0.994
Car -1 -1 -10 693 180 793 248 1.5 1.5 2 0 0 0 0 0.992
Car -1 -1 -10 661 178 693 206 1.5 1.5 2 0 0 0 0 0.933
Car -1 -1 -10 6 194 112 270 1.5 1.5 2 0 0 0 0 0.858
Car -1 -1 -10 606 177 624 193 1.5 1.5 2 0 0 0 0 0.766
Car -1 -1 -10 447 188 491 212 1.5 1.5 2 0 0 0 0 0.663
Car -1 -1 -10 494 182 522 200 1.5 1.5 2 0 0 0 0 0.648
Car -1 -1 -10 29 210 115 252 1.5 1.5 2 0 0 0 0 0.629
Car -1 -1 -10 1 194 49 286 1.5 1.5 2 0 0 0 0 0.547
Car -1 -1 -10 639 179 651 189 1.5 1.5 2 0 0 0 0 0.526
