Car -1 -1 -10 1020 194 1222 352 1.5 1.5 2 0 0 0 0 0.995
Car -1 -1 -10 876 182 1118 314 1.5 1.5 2 0 0 0 0 0.995
Car -1 -1 -10 1158 218 1242 374 1.5 1.5 2 0 0 0 0 0.992
Car -1 -1 -10 1 170 217 334 1.5 1.5 2 0 0 0 0 0.991
Car -1 -1 -10 630 180 686 222 1.5 1.5 2 0 0 0 0 0.987
Car -1 -1 -10 789 181 961 271 1.5 1.5 2 0 0 0 0 0.982
Car -1 -1 -10 315 180 451 208 1.5 1.5 2 0 0 0 0 0.904
Car -1 -1 -10 402 182 462 214 1.5 1.5 2 0 0 0 0 0.799
Car -1 -1 -10 613 178 639 200 1.5 1.5 2 0 0 0 0 0.762
Car -1 -1 -10 26 147 294 273 1.5 1.5 2 0 0 0 0 0.719
Car -1 -1 -10 503 175 527 193 1.5 1.5 2 0 0 0 0 0.709
Car -1 -1 -10 538 174 556 186 1.5 1.5 2 0 0 0 0 0.686
Car -1 -1 -10 475 179 507 199 1.5 1.5 2 0 0 0 0 0.533
Car -1 -1 -10 522 175 538 189 1.5 1.5 2 0 0 0 0 0.521
Car -1 -1 -10 572 170 588 178 1.5 1.5 2 0 0 0 0 0.509
