Car -1 -1 -10 -2 211 116 315 1.5 1.5 2 0 0 0 0 0.958
Car -1 -1 -10 651 176 677 190 1.5 1.5 2 0 0 0 0 0.920
Car -1 -1 -10 271 182 391 238 1.5 1.5 2 0 0 0 0 0.919
Car -1 -1 -10 -6 181 204 287 1.5 1.5 2 0 0 0 0 0.916
Car -1 -1 -10 1137 150 1233 182 1.5 1.5 2 0 0 0 0 0.908
Car -1 -1 -10 467 181 503 205 1.5 1.5 2 0 0 0 0 0.870
Car -1 -1 -10 604 177 626 187 1.5 1.5 2 0 0 0 0 0.810
Car -1 -1 -10 187 185 303 263 1.5 1.5 2 0 0 0 0 0.794
Car -1 -1 -10 505 181 525 197 1.5 1.5 2 0 0 0 0 0.590
Car -1 -1 -10 823 162 855 174 1.5 1.5 2 0 0 0 0 0.569
Car -1 -1 -10 484 179 510 203 1.5 1.5 2 0 0 0 0 0.568
Car -1 -1 -10 522 180 538 190 1.5 1.5 2 0 0 0 0 0.541
