Car -1 -1 -10 379 182 483 250 1.5 1.5 2 0 0 0 0 0.996
Car -1 -1 -10 328 191 436 275 1.5 1.5 2 0 0 0 0 0.993
Car -1 -1 -10 32 189 344 361 1.5 1.5 2 0 0 0 0 0.984
Car -1 -1 -10 -6 174 108 208 1.5 1.5 2 0 0 0 0 0.932
Car -1 -1 -10 719 172 799 228 1.5 1.5 2 0 0 0 0 0.917
Car -1 -1 -10 550 179 590 201 1.5 1.5 2 0 0 0 0 0.872
Car -1 -1 -10 607 176 625 188 1.5 1.5 2 0 0 0 0 0.849
Car -1 -1 -10 -163 228 54 372 1.5 1.5 2 0 0 0 0 0.762
Car -1 -1 -10 616 174 632 184 1.5 1.5 2 0 0 0 0 0.690
Car -1 -1 -10 698 175 744 205 1.5 1.5 2 0 0 0 0 0.667
Car -1 -1 -10 709 176 764 212 1.5 1.5 2 0 0 0 0 0.602
