Car -1 -1 -10 2 201 94 297 1.5 1.5 2 0 0 0 0 0.991
Car -1 -1 -10 744 180 884 250 1.5 1.5 2 0 0 0 0 0.990
Car -1 -1 -10 598 184 674 250 1.5 1.5 2 0 0 0 0 0.986
Car -1 -1 -10 290 188 382 232 1.5 1.5 2 0 0 0 0 0.976
Car -1 -1 -10 506 182 546 208 1.5 1.5 2 0 0 0 0 0.933
Car -1 -1 -10 396 187 468 231 1.5 1.5 2 0 0 0 0 0.885
Car -1 -1 -10 158 188 250 230 1.5 1.5 2 0 0 0 0 0.796
Car -1 -1 -10 697 183 753 219 1.5 1.5 2 0 0 0 0 0.770
Car -1 -1 -10 565 184 587 200 1.5 1.5 2 0 0 0 0 0.761
Car -1 -1 -10 366 183 432 231 1.5 1.5 2 0 0 0 0 0.680
Car -1 -1 -10 704 185 757 219 1.5 1.5 2 0 0 0 0 0.652
Car -1 -1 -10 589 190 605 204 1.5 1.5 2 0 0 0 0 0.531
