Car -1 -1 -10 305 191 431 257 1.5 1.5 2 0 0 0 0 0.991
Car -1 -1 -10 -2 194 170 364 1.5 1.5 2 0 0 0 0 0.990
Car -1 -1 -10 413 188 465 234 1.5 1.5 2 0 0 0 0 0.978
Car -1 -1 -10 793 156 885 192 1.5 1.5 2 0 0 0 0 0.948
Car -1 -1 -10 464 183 511 213 1.5 1.5 2 0 0 0 0 0.917
Car -1 -1 -10 516 180 540 204 1.5 1.5 2 0 0 0 0 0.831
Car -1 -1 -10 1067 141 1139 171 1.5 1.5 2 0 0 0 0 0.809
Car -1 -1 -10 493 181 532 207 1.5 1.5 2 0 0 0 0 0.805
Car -1 -1 -10 1083 133 1237 181 1.5 1.5 2 0 0 0 0 0.784
Car -1 -1 -10 536 179 560 199 1.5 1.5 2 0 0 0 0 0.619
Car -1 -1 -10 464 184 500 220 1.5 1.5 2 0 0 0 0 0.572
