Car -1 -1 -10 622 175 822 307 1.5 1.5 2 0 0 0 0 0.997
Car -1 -1 -10 232 177 690 383 1.5 1.5 2 0 0 0 0 0.995
Car -1 -1 -10 814 176 930 258 1.5 1.5 2 0 0 0 0 0.986
Car -1 -1 -10 1155 226 1372 370 1.5 1.5 2 0 0 0 0 0.984
Car -1 -1 -10 1124 195 1206 255 1.5 1.5 2 0 0 0 0 0.982
Car -1 -1 -10 957 178 1025 216 1.5 1.5 2 0 0 0 0 0.973
Car -1 -1 -10 1113 182 1147 204 1.5 1.5 2 0 0 0 0 0.921
Car -1 -1 -10 1044 175 1072 193 1.5 1.5 2 0 0 0 0 0.871
Car -1 -1 -10 1077 176 1093 188 1.5 1.5 2 0 0 0 0 0.737
Car -1 -1 -10 1009 181 1035 207 1.5 1.5 2 0 0 0 0 0.582
