Car -1 -1 -10 1009 161 1165 247 1.5 1.5 2 0 0 0 0 0.997
Car -1 -1 -10 698 172 824 254 1.5 1.5 2 0 0 0 0 0.983
Car -1 -1 -10 -2 237 136 371 1.5 1.5 2 0 0 0 0 0.981
Car -1 -1 -10 1182 153 1242 257 1.5 1.5 2 0 0 0 0 0.980
Car -1 -1 -10 433 177 529 239 1.5 1.5 2 0 0 0 0 0.974
Car -1 -1 -10 550 176 570 206 1.5 1.5 2 0 0 0 0 0.953
Car -1 -1 -10 927 169 1041 233 1.5 1.5 2 0 0 0 0 0.947
Car -1 -1 -10 881 168 965 224 1.5 1.5 2 0 0 0 0 0.927
Car -1 -1 -10 69 197 425 353 1.5 1.5 2 0 0 0 0 0.884
Car -1 -1 -10 839 169 911 215 1.5 1.5 2 0 0 0 0 0.871
Car -1 -1 -10 813 167 875 211 1.5 1.5 2 0 0 0 0 0.736
Car -1 -1 -10 485 161 551 221 1.5 1.5 2 0 0 0 0 0.564
Car -1 -1 -10 689 185 721 237 1.5 1.5 2 0 0 0 0 0.531
