Car -1 -1 -10 683 177 779 253 1.5 1.5 2 0 0 0 0 0.998
Car -1 -1 -10 426 192 528 262 1.5 1.5 2 0 0 0 0 0.998
Car -1 -1 -10 1095 210 1345 376 1.5 1.5 2 0 0 0 0 0.967
Car -1 -1 -10 533 181 569 207 1.5 1.5 2 0 0 0 0 0.936
Car -1 -1 -10 659 179 726 223 1.5 1.5 2 0 0 0 0 0.931
Car -1 -1 -10 643 177 701 215 1.5 1.5 2 0 0 0 0 0.821
Car -1 -1 -10 584 178 600 190 1.5 1.5 2 0 0 0 0 0.813
Car -1 -1 -10 609 176 623 186 1.5 1.5 2 0 0 0 0 0.704
Car -1 -1 -10 675 181 763 239 1.5 1.5 2 0 0 0 0 0.651
Car -1 -1 -10 638 176 683 206 1.5 1.5 2 0 0 0 0 0.604
Car -1 -1 -10 621 175 633 187 1.5 1.5 2 0 0 0 0 0.585
