Car -1 -1 -10 658 184 754 248 1.5 1.5 2 0 0 0 0 0.997
Car -1 -1 -10 204 198 488 358 1.5 1.5 2 0 0 0 0 0.992
Car -1 -1 -10 548 183 598 217 1.5 1.5 2 0 0 0 0 0.973
Car -1 -1 -10 149 183 325 263 1.5 1.5 2 0 0 0 0 0.916
Car -1 -1 -10 414 182 480 240 1.5 1.5 2 0 0 0 0 0.858
Car -1 -1 -10 298 180 346 202 1.5 1.5 2 0 0 0 0 0.854
Car -1 -1 -10 644 185 705 225 1.5 1.5 2 0 0 0 0 0.849
Car -1 -1 -10 -1 258 313 380 1.5 1.5 2 0 0 0 0 0.845
Car -1 -1 -10 54 194 160 238 1.5 1.5 2 0 0 0 0 0.717
Car -1 -1 -10 469 182 523 214 1.5 1.5 2 0 0 0 0 0.695
Car -1 -1 -10 512 182 542 202 1.5 1.5 2 0 0 0 0 0.632
Car -1 -1 -10 378 182 418 198 1.5 1.5 2 0 0 0 0 0.597
Car -1 -1 -10 614 185 642 211 1.5 1.5 2 0 0 0 0 0.579
