Car -1 -1 -10 6 214 208 372 1.5 1.5 2 0 0 0 0 0.994
Car -1 -1 -10 769 186 937 294 1.5 1.5 2 0 0 0 0 0.992
Car -1 -1 -10 452 180 518 222 1.5 1.5 2 0 0 0 0 0.989
Car -1 -1 -10 730 182 814 244 1.5 1.5 2 0 0 0 0 0.986
Car -1 -1 -10 838 204 1262 380 1.5 1.5 2 0 0 0 0 0.977
Car -1 -1 -10 172 201 388 309 1.5 1.5 2 0 0 0 0 0.960
Car -1 -1 -10 697 177 753 225 1.5 1.5 2 0 0 0 0 0.954
Car -1 -1 -10 50 186 134 208 1.5 1.5 2 0 0 0 0 0.871
Car -1 -1 -10 501 182 531 210 1.5 1.5 2 0 0 0 0 0.791
Car -1 -1 -10 618 178 640 188 1.5 1.5 2 0 0 0 0 0.532
