Car -1 -1 -10 1057 143 1241 239 1.5 1.5 2 0 0 0 0 0.994
Car -1 -1 -10 386 193 468 237 1.5 1.5 2 0 0 0 0 0.994
Car -1 -1 -10 266 199 392 275 1.5 1.5 2 0 0 0 0 0.993
Car -1 -1 -10 913 147 1061 219 1.5 1.5 2 0 0 0 0 0.959
Car -1 -1 -10 702 180 812 244 1.5 1.5 2 0 0 0 0 0.919
Car -1 -1 -10 5 209 269 349 1.5 1.5 2 0 0 0 0 0.870
Car -1 -1 -10 1001 135 1171 223 1.5 1.5 2 0 0 0 0 0.846
Car -1 -1 -10 858 158 958 206 1.5 1.5 2 0 0 0 0 0.803
Car -1 -1 -10 680 178 736 222 1.5 1.5 2 0 0 0 0 0.700
Car -1 -1 -10 664 180 692 210 1.5 1.5 2 0 0 0 0 0.689
Car -1 -1 -10 644 176 672 204 1.5 1.5 2 0 0 0 0 0.596
Car -1 -1 -10 1 276 21 374 1.5 1.5 2 0 0 0 0 0.537
