Car -1 -1 -10 755 192 903 276 1.5 1.5 2 0 0 0 0 0.999
Car -1 -1 -10 722 183 798 243 1.5 1.5 2 0 0 0 0 0.994
Car -1 -1 -10 476 185 532 227 1.5 1.5 2 0 0 0 0 0.980
Car -1 -1 -10 993 176 1187 222 1.5 1.5 2 0 0 0 0 0.977
Car -1 -1 -10 552 183 574 207 1.5 1.5 2 0 0 0 0 0.966
Car -1 -1 -10 1135 176 1243 240 1.5 1.5 2 0 0 0 0 0.917
Car -1 -1 -10 605 183 627 193 1.5 1.5 2 0 0 0 0 0.802
Car -1 -1 -10 690 175 722 201 1.5 1.5 2 0 0 0 0 0.788
Car -1 -1 -10 519 183 551 215 1.5 1.5 2 0 0 0 0 0.783
Car -1 -1 -10 640 181 652 187 1.5 1.5 2 0 0 0 0 0.621
Car -1 -1 -10 512 186 556 214 1.5 1.5 2 0 0 0 0 0.600
