Car -1 -1 -10 869 175 1071 309 1.5 1.5 2 0 0 0 0 0.999
Car -1 -1 -10 245 176 349 222 1.5 1.5 2 0 0 0 0 0.997
Car -1 -1 -10 1021 166 1233 384 1.5 1.5 2 0 0 0 0 0.996
Car -1 -1 -10 345 175 397 213 1.5 1.5 2 0 0 0 0 0.977
Car -1 -1 -10 588 171 650 227 1.5 1.5 2 0 0 0 0 0.970
Car -1 -1 -10 794 165 922 261 1.5 1.5 2 0 0 0 0 0.960
Car -1 -1 -10 391 176 439 208 1.5 1.5 2 0 0 0 0 0.911
Car -1 -1 -10 676 169 736 209 1.5 1.5 2 0 0 0 0 0.822
Car -1 -1 -10 653 171 675 191 1.5 1.5 2 0 0 0 0 0.583
Car -1 -1 -10 709 149 823 231 1.5 1.5 2 0 0 0 0 0.571
