Car -1 -1 -10 876 167 978 219 1.5 1.5 2 0 0 0 0 0.992
Car -1 -1 -10 969 160 1095 224 1.5 1.5 2 0 0 0 0 0.976
Car -1 -1 -10 822 166 898 214 1.5 1.5 2 0 0 0 0 0.975
Car -1 -1 -10 382 185 482 261 1.5 1.5 2 0 0 0 0 0.975
Car -1 -1 -10 479 171 553 221 1.5 1.5 2 0 0 0 0 0.967
Car -1 -1 -10 663 176 749 234 1.5 1.5 2 0 0 0 0 0.958
Car -1 -1 -10 173 188 407 330 1.5 1.5 2 0 0 0 0 0.920
Car -1 -1 -10 1050 135 1238 261 1.5 1.5 2 0 0 0 0 0.838
Car -1 -1 -10 534 177 570 201 1.5 1.5 2 0 0 0 0 0.754
Car -1 -1 -10 788 166 856 204 1.5 1.5 2 0 0 0 0 0.691
