Car -1 -1 -10 782 207 1072 371 1.5 1.5 2 0 0 0 0 0.998
Car -1 -1 -10 -1 192 139 362 1.5 1.5 2 0 0 0 0 0.996
Car -1 -1 -10 1000 217 1232 371 1.5 1.5 2 0 0 0 0 0.992
Car -1 -1 -10 6 160 300 336 1.5 1.5 2 0 0 0 0 0.991
Car -1 -1 -10 709 188 849 278 1.5 1.5 2 0 0 0 0 0.987
Car -1 -1 -10 663 185 727 227 1.5 1.5 2 0 0 0 0 0.980
Car -1 -1 -10 309 181 419 245 1.5 1.5 2 0 0 0 0 0.969
Car -1 -1 -10 640 181 680 213 1.5 1.5 2 0 0 0 0 0.926
Car -1 -1 -10 396 184 474 228 1.5 1.5 2 0 0 0 0 0.914
Car -1 -1 -10 428 175 508 217 1.5 1.5 2 0 0 0 0 0.753
Car -1 -1 -10 145 168 333 264 1.5 1.5 2 0 0 0 0 0.707
Car -1 -1 -10 501 181 527 207 1.5 1.5 2 0 0 0 0 0.559
