Car -1 -1 -10 746 181 874 253 1.5 1.5 2 0 0 0 0 0.998
Car -1 -1 -10 372 182 430 202 1.5 1.5 2 0 0 0 0 0.910
Car -1 -1 -10 635 172 695 196 1.5 1.5 2 0 0 0 0 0.826
Car -1 -1 -10 588 179 604 187 1.5 1.5 2 0 0 0 0 0.722
Car -1 -1 -10 567 180 591 188 1.5 1.5 2 0 0 0 0 0.671
Car -1 -1 -10 622 178 638 186 1.5 1.5 2 0 0 0 0 0.632
Car -1 -1 -10 982 170 1058 186 1.5 1.5 2 0 0 0 0 0.595
Car -1 -1 -10 605 176 625 186 1.5 1.5 2 0 0 0 0 0.576
Car -1 -1 -10 558 179 574 187 1.5 1.5 2 0 0 0 0 0.575
Car -1 -1 -10 1170 153 1236 181 1.5 1.5 2 0 0 0 0 0.551
Car -1 -1 -10 269 184 309 200 1.5 1.5 2 0 0 0 0 0.524
