Car -1 -1 -10 724 196 890 320 1.5 1.5 2 0 0 0 0 0.997
Car -1 -1 -10 668 194 752 260 1.5 1.5 2 0 0 0 0 0.992
Car -1 -1 -10 856 236 1250 364 1.5 1.5 2 0 0 0 0 0.977
Car -1 -1 -10 361 185 517 291 1.5 1.5 2 0 0 0 0 0.930
Car -1 -1 -10 597 185 625 201 1.5 1.5 2 0 0 0 0 0.835
Car -1 -1 -10 515 185 560 215 1.5 1.5 2 0 0 0 0 0.729
Car -1 -1 -10 641 188 701 228 1.5 1.5 2 0 0 0 0 0.684
Car -1 -1 -10 659 187 729 237 1.5 1.5 2 0 0 0 0 0.646
Car -1 -1 -10 551 179 596 209 1.5 1.5 2 0 0 0 0 0.609
Car -1 -1 -10 620 188 642 202 1.5 1.5 2 0 0 0 0 0.560
Car -1 -1 -10 468 193 537 239 1.5 1.5 2 0 0 0 0 0.546
