Car -1 -1 -10 3 218 241 370 1.5 1.5 2 0 0 0 0 0.997
Car -1 -1 -10 233 194 435 306 1.5 1.5 2 0 0 0 0 0.994
Car -1 -1 -10 415 185 491 257 1.5 1.5 2 0 0 0 0 0.992
Car -1 -1 -10 468 182 524 232 1.5 1.5 2 0 0 0 0 0.969
Car -1 -1 -10 1083 119 1241 225 1.5 1.5 2 0 0 0 0 0.967
Car -1 -1 -10 733 172 817 222 1.5 1.5 2 0 0 0 0 0.958
Car -1 -1 -10 648 178 686 212 1.5 1.5 2 0 0 0 0 0.853
Car -1 -1 -10 517 185 551 219 1.5 1.5 2 0 0 0 0 0.835
Car -1 -1 -10 539 181 563 213 1.5 1.5 2 0 0 0 0 0.657
Car -1 -1 -10 548 177 572 205 1.5 1.5 2 0 0 0 0 0.585
