Car -1 -1 -10 9 204 271 354 1.5 1.5 2 0 0 0 0 0.998
Car -1 -1 -10 248 201 458 341 1.5 1.5 2 0 0 0 0 0.980
Car -1 -1 -10 475 190 544 236 1.5 1.5 2 0 0 0 0 0.924
Car -1 -1 -10 -154 243 42 373 1.5 1.5 2 0 0 0 0 0.889
Car -1 -1 -10 657 187 731 227 1.5 1.5 2 0 0 0 0 0.857
Car -1 -1 -10 423 174 529 260 1.5 1.5 2 0 0 0 0 0.797
Car -1 -1 -10 629 183 667 207 1.5 1.5 2 0 0 0 0 0.776
Car -1 -1 -10 552 181 580 207 1.5 1.5 2 0 0 0 0 0.716
Car -1 -1 -10 513 191 563 223 1.5 1.5 2 0 0 0 0 0.661
Car -1 -1 -10 617 184 645 202 1.5 1.5 2 0 0 0 0 0.638
