Car -1 -1 -10 765 190 1055 352 1.5 1.5 2 0 0 0 0 0.998
Car -1 -1 -10 51 208 351 372 1.5 1.5 2 0 0 0 0 0.997
Car -1 -1 -10 327 187 439 287 1.5 1.5 2 0 0 0 0 0.989
Car -1 -1 -10 390 190 491 256 1.5 1.5 2 0 0 0 0 0.981
Car -1 -1 -10 698 188 788 256 1.5 1.5 2 0 0 0 0 0.979
Car -1 -1 -10 511 188 543 210 1.5 1.5 2 0 0 0 0 0.944
Car -1 -1 -10 679 186 751 234 1.5 1.5 2 0 0 0 0 0.874
Car -1 -1 -10 585 184 609 200 1.5 1.5 2 0 0 0 0 0.860
Car -1 -1 -10 1037 240 1235 372 1.5 1.5 2 0 0 0 0 0.859
Car -1 -1 -10 502 186 532 206 1.5 1.5 2 0 0 0 0 0.729
