Car -1 -1 -10 33 200 399 378 1.5 1.5 2 0 0 0 0 0.998
Car -1 -1 -10 406 191 502 253 1.5 1.5 2 0 0 0 0 0.980
Car -1 -1 -10 696 194 796 264 1.5 1.5 2 0 0 0 0 0.965
Car -1 -1 -10 534 187 556 205 1.5 1.5 2 0 0 0 0 0.933
Car -1 -1 -10 650 188 690 218 1.5 1.5 2 0 0 0 0 0.926
Car -1 -1 -10 476 181 530 231 1.5 1.5 2 0 0 0 0 0.924
Car -1 -1 -10 358 187 416 227 1.5 1.5 2 0 0 0 0 0.866
Car -1 -1 -10 238 189 334 209 1.5 1.5 2 0 0 0 0 0.701
Car -1 -1 -10 324 201 366 219 1.5 1.5 2 0 0 0 0 0.688
Car -1 -1 -10 583 183 611 203 1.5 1.5 2 0 0 0 0 0.542
Car -1 -1 -10 509 189 538 207 1.5 1.5 2 0 0 0 0 0.539
