Car -1 -1 -10 815 185 1059 343 1.5 1.5 2 0 0 0 0 0.999
Car -1 -1 -10 1015 215 1227 369 1.5 1.5 2 0 0 0 0 0.998
Car -1 -1 -10 752 185 856 259 1.5 1.5 2 0 0 0 0 0.998
Car -1 -1 -10 230 190 458 320 1.5 1.5 2 0 0 0 0 0.998
Car -1 -1 -10 420 186 502 264 1.5 1.5 2 0 0 0 0 0.989
Car -1 -1 -10 545 182 603 218 1.5 1.5 2 0 0 0 0 0.982
Car -1 -1 -10 442 172 544 240 1.5 1.5 2 0 0 0 0 0.974
Car -1 -1 -10 651 176 709 204 1.5 1.5 2 0 0 0 0 0.960
Car -1 -1 -10 719 180 791 234 1.5 1.5 2 0 0 0 0 0.959
Car -1 -1 -10 812 172 842 186 1.5 1.5 2 0 0 0 0 0.827
Car -1 -1 -10 872 161 928 191 1.5 1.5 2 0 0 0 0 0.573
Car -1 -1 -10 759 169 795 185 1.5 1.5 2 0 0 0 0 0.527
