Car -1 -1 -10 666 186 764 248 1.5 1.5 2 0 0 0 0 0.998
Car -1 -1 -10 8 218 272 374 1.5 1.5 2 0 0 0 0 0.994
Car -1 -1 -10 444 198 530 260 1.5 1.5 2 0 0 0 0 0.992
Car -1 -1 -10 890 178 1240 382 1.5 1.5 2 0 0 0 0 0.989
Car -1 -1 -10 534 187 570 213 1.5 1.5 2 0 0 0 0 0.919
Car -1 -1 -10 642 182 680 220 1.5 1.5 2 0 0 0 0 0.914
Car -1 -1 -10 659 186 731 234 1.5 1.5 2 0 0 0 0 0.806
Car -1 -1 -10 585 184 597 196 1.5 1.5 2 0 0 0 0 0.733
Car -1 -1 -10 636 180 681 210 1.5 1.5 2 0 0 0 0 0.730
Car -1 -1 -10 610 181 622 191 1.5 1.5 2 0 0 0 0 0.669
