Car -1 -1 -10 304 190 554 298 1.5 1.5 2 0 0 0 0 0.976
Car -1 -1 -10 596 178 658 210 1.5 1.5 2 0 0 0 0 0.970
Car -1 -1 -10 1201 155 1237 171 1.5 1.5 2 0 0 0 0 0.898
Car -1 -1 -10 1171 157 1203 175 1.5 1.5 2 0 0 0 0 0.811
Car -1 -1 -10 696 174 714 188 1.5 1.5 2 0 0 0 0 0.808
Car -1 -1 -10 688 173 706 187 1.5 1.5 2 0 0 0 0 0.708
Car -1 -1 -10 1137 158 1173 174 1.5 1.5 2 0 0 0 0 0.672
Car -1 -1 -10 1039 160 1079 176 1.5 1.5 2 0 0 0 0 0.667
Car -1 -1 -10 674 177 686 187 1.5 1.5 2 0 0 0 0 0.657
Car -1 -1 -10 1103 158 1141 176 1.5 1.5 2 0 0 0 0 0.646
Car -1 -1 -10 653 174 673 186 1.5 1.5 2 0 0 0 0 0.570
