Car -1 -1 -10 780 166 1096 260 1.5 1.5 2 0 0 0 0 0.998
Car -1 -1 -10 391 186 461 240 1.5 1.5 2 0 0 0 0 0.993
Car -1 -1 -10 484 181 552 229 1.5 1.5 2 0 0 0 0 0.985
Car -1 -1 -10 1133 146 1245 186 1.5 1.5 2 0 0 0 0 0.975
Car -1 -1 -10 781 154 901 196 1.5 1.5 2 0 0 0 0 0.963
Car -1 -1 -10 451 184 489 226 1.5 1.5 2 0 0 0 0 0.919
Car -1 -1 -10 616 180 640 200 1.5 1.5 2 0 0 0 0 0.893
Car -1 -1 -10 1083 150 1155 182 1.5 1.5 2 0 0 0 0 0.830
Car -1 -1 -10 592 179 624 201 1.5 1.5 2 0 0 0 0 0.822
Car -1 -1 -10 1050 149 1126 179 1.5 1.5 2 0 0 0 0 0.797
Car -1 -1 -10 541 176 563 190 1.5 1.5 2 0 0 0 0 0.778
Car -1 -1 -10 646 175 684 205 1.5 1.5 2 0 0 0 0 0.709
