Car -1 -1 -10 884 164 1112 238 1.5 1.5 2 0 0 0 0 0.997
Car -1 -1 -10 284 195 384 261 1.5 1.5 2 0 0 0 0 0.984
Car -1 -1 -10 -3 212 367 378 1.5 1.5 2 0 0 0 0 0.975
Car -1 -1 -10 838 150 1018 230 1.5 1.5 2 0 0 0 0 0.960
Car -1 -1 -10 383 191 455 239 1.5 1.5 2 0 0 0 0 0.938
Car -1 -1 -10 779 168 877 212 1.5 1.5 2 0 0 0 0 0.930
Car -1 -1 -10 663 181 731 231 1.5 1.5 2 0 0 0 0 0.857
Car -1 -1 -10 473 183 511 213 1.5 1.5 2 0 0 0 0 0.727
Car -1 -1 -10 522 184 542 200 1.5 1.5 2 0 0 0 0 0.701
Car -1 -1 -10 1170 131 1242 185 1.5 1.5 2 0 0 0 0 0.690
Car -1 -1 -10 507 186 534 204 1.5 1.5 2 0 0 0 0 0.618
