Car -1 -1 -10 732 177 888 269 1.5 1.5 2 0 0 0 0 0.999
Car -1 -1 -10 53 206 319 324 1.5 1.5 2 0 0 0 0 0.994
Car -1 -1 -10 311 195 435 253 1.5 1.5 2 0 0 0 0 0.987
Car -1 -1 -10 703 176 777 240 1.5 1.5 2 0 0 0 0 0.982
Car -1 -1 -10 1044 148 1230 236 1.5 1.5 2 0 0 0 0 0.961
Car -1 -1 -10 578 173 608 191 1.5 1.5 2 0 0 0 0 0.920
Car -1 -1 -10 674 183 714 217 1.5 1.5 2 0 0 0 0 0.885
Car -1 -1 -10 418 190 474 232 1.5 1.5 2 0 0 0 0 0.869
Car -1 -1 -10 512 182 544 200 1.5 1.5 2 0 0 0 0 0.838
Car -1 -1 -10 647 176 677 204 1.5 1.5 2 0 0 0 0 0.774
Car -1 -1 -10 1189 158 1333 254 1.5 1.5 2 0 0 0 0 0.694
Car -1 -1 -10 470 183 518 213 1.5 1.5 2 0 0 0 0 0.682
Car -1 -1 -10 -181 232 29 372 1.5 1.5 2 0 0 0 0 0.506
