Car -1 -1 -10 583 177 647 223 1.5 1.5 2 0 0 0 0 0.994
Car -1 -1 -10 483 175 565 237 1.5 1.5 2 0 0 0 0 0.993
Car -1 -1 -10 325 185 435 249 1.5 1.5 2 0 0 0 0 0.958
Car -1 -1 -10 671 177 744 225 1.5 1.5 2 0 0 0 0 0.950
Car -1 -1 -10 -3 189 115 283 1.5 1.5 2 0 0 0 0 0.923
Car -1 -1 -10 169 185 377 277 1.5 1.5 2 0 0 0 0 0.820
Car -1 -1 -10 706 176 815 248 1.5 1.5 2 0 0 0 0 0.806
Car -1 -1 -10 739 170 911 284 1.5 1.5 2 0 0 0 0 0.717
Car -1 -1 -10 396 178 464 220 1.5 1.5 2 0 0 0 0 0.681
Car -1 -1 -10 566 174 590 192 1.5 1.5 2 0 0 0 0 0.541
