Car -1 -1 -10 847 169 939 215 1.5 1.5 2 0 0 0 0 0.996
Car -1 -1 -10 353 190 459 278 1.5 1.5 2 0 0 0 0 0.992
Car -1 -1 -10 445 185 509 243 1.5 1.5 2 0 0 0 0 0.983
Car -1 -1 -10 810 172 868 208 1.5 1.5 2 0 0 0 0 0.973
Car -1 -1 -10 11 184 395 376 1.5 1.5 2 0 0 0 0 0.968
Car -1 -1 -10 893 166 1231 384 1.5 1.5 2 0 0 0 0 0.965
Car -1 -1 -10 504 177 560 217 1.5 1.5 2 0 0 0 0 0.956
Car -1 -1 -10 669 177 729 223 1.5 1.5 2 0 0 0 0 0.953
Car -1 -1 -10 927 171 1009 211 1.5 1.5 2 0 0 0 0 0.853
Car -1 -1 -10 962 157 1154 241 1.5 1.5 2 0 0 0 0 0.662
