Car -1 -1 -10 534 185 676 267 1.5 1.5 2 0 0 0 0 0.998
Car -1 -1 -10 -116 215 118 371 1.5 1.5 2 0 0 0 0 0.995
Car -1 -1 -10 48 205 184 295 1.5 1.5 2 0 0 0 0 0.986
Car -1 -1 -10 431 181 497 217 1.5 1.5 2 0 0 0 0 0.985
Car -1 -1 -10 689 143 1211 367 1.5 1.5 2 0 0 0 0 0.970
Car -1 -1 -10 619 168 711 200 1.5 1.5 2 0 0 0 0 0.940
Car -1 -1 -10 256 186 308 212 1.5 1.5 2 0 0 0 0 0.920
Car -1 -1 -10 340 183 360 193 1.5 1.5 2 0 0 0 0 0.751
Car -1 -1 -10 293 185 319 203 1.5 1.5 2 0 0 0 0 0.742
Car -1 -1 -10 413 178 431 192 1.5 1.5 2 0 0 0 0 0.690
Car -1 -1 -10 303 183 325 197 1.5 1.5 2 0 0 0 0 0.677
