Car -1 -1 -10 251 202 369 294 1.5 1.5 2 0 0 0 0 0.997
Car -1 -1 -10 369 203 491 283 1.5 1.5 2 0 0 0 0 0.996
Car -1 -1 -10 -4 209 272 355 1.5 1.5 2 0 0 0 0 0.989
Car -1 -1 -10 1149 180 1241 274 1.5 1.5 2 0 0 0 0 0.986
Car -1 -1 -10 614 187 642 209 1.5 1.5 2 0 0 0 0 0.919
Car -1 -1 -10 460 179 528 247 1.5 1.5 2 0 0 0 0 0.914
Car -1 -1 -10 538 190 562 212 1.5 1.5 2 0 0 0 0 0.845
Car -1 -1 -10 550 186 574 206 1.5 1.5 2 0 0 0 0 0.758
Car -1 -1 -10 637 189 711 213 1.5 1.5 2 0 0 0 0 0.739
Car -1 -1 -10 361 195 441 233 1.5 1.5 2 0 0 0 0 0.630
