Car -1 -1 -10 0 212 246 374 1.5 1.5 2 0 0 0 0 0.997
Car -1 -1 -10 844 150 1004 208 1.5 1.5 2 0 0 0 0 0.995
Car -1 -1 -10 354 193 422 255 1.5 1.5 2 0 0 0 0 0.993
Car -1 -1 -10 231 201 365 283 1.5 1.5 2 0 0 0 0 0.987
Car -1 -1 -10 412 191 464 233 1.5 1.5 2 0 0 0 0 0.986
Car -1 -1 -10 1142 135 1236 177 1.5 1.5 2 0 0 0 0 0.967
Car -1 -1 -10 456 189 506 221 1.5 1.5 2 0 0 0 0 0.909
Car -1 -1 -10 659 174 725 210 1.5 1.5 2 0 0 0 0 0.849
Car -1 -1 -10 776 157 870 201 1.5 1.5 2 0 0 0 0 0.820
Car -1 -1 -10 489 187 511 213 1.5 1.5 2 0 0 0 0 0.518
