Car -1 -1 -10 2 173 236 383 1.5 1.5 2 0 0 0 0 0.997
Car -1 -1 -10 271 190 455 284 1.5 1.5 2 0 0 0 0 0.983
Car -1 -1 -10 530 183 582 219 1.5 1.5 2 0 0 0 0 0.979
Car -1 -1 -10 633 176 663 200 1.5 1.5 2 0 0 0 0 0.848
Car -1 -1 -10 717 173 733 187 1.5 1.5 2 0 0 0 0 0.836
Car -1 -1 -10 670 171 692 191 1.5 1.5 2 0 0 0 0 0.825
Car -1 -1 -10 646 173 672 195 1.5 1.5 2 0 0 0 0 0.774
Car -1 -1 -10 735 172 749 184 1.5 1.5 2 0 0 0 0 0.723
Car -1 -1 -10 709 174 721 186 1.5 1.5 2 0 0 0 0 0.581
Car -1 -1 -10 751 170 773 188 1.5 1.5 2 0 0 0 0 0.554
