Car -1 -1 -10 694 188 862 300 1.5 1.5 2 0 0 0 0 0.997
Car -1 -1 -10 160 185 254 229 1.5 1.5 2 0 0 0 0 0.989
Car -1 -1 -10 1 186 95 368 1.5 1.5 2 0 0 0 0 0.987
Car -1 -1 -10 655 184 709 242 1.5 1.5 2 0 0 0 0 0.985
Car -1 -1 -10 544 186 592 224 1.5 1.5 2 0 0 0 0 0.972
Car -1 -1 -10 352 183 444 245 1.5 1.5 2 0 0 0 0 0.920
Car -1 -1 -10 2 192 56 238 1.5 1.5 2 0 0 0 0 0.854
Car -1 -1 -10 499 177 531 207 1.5 1.5 2 0 0 0 0 0.645
Car -1 -1 -10 290 191 374 239 1.5 1.5 2 0 0 0 0 0.555
Car -1 -1 -10 431 184 501 234 1.5 1.5 2 0 0 0 0 0.502
