Car -1 -1 -10 275 197 407 261 1.5 1.5 2 0 0 0 0 0.994
Car -1 -1 -10 419 173 661 297 1.5 1.5 2 0 0 0 0 0.973
Car -1 -1 -10 132 194 214 228 1.5 1.5 2 0 0 0 0 0.955
Car -1 -1 -10 742 184 840 232 1.5 1.5 2 0 0 0 0 0.950
Car -1 -1 -10 662 178 732 224 1.5 1.5 2 0 0 0 0 0.925
Car -1 -1 -10 93 191 129 207 1.5 1.5 2 0 0 0 0 0.915
Car -1 -1 -10 358 180 440 214 1.5 1.5 2 0 0 0 0 0.882
Car -1 -1 -10 809 173 971 225 1.5 1.5 2 0 0 0 0 0.853
Car -1 -1 -10 1 194 13 204 1.5 1.5 2 0 0 0 0 0.746
Car -1 -1 -10 26 188 46 198 1.5 1.5 2 0 0 0 0 0.534
Car -1 -1 -10 12 188 40 200 1.5 1.5 2 0 0 0 0 0.530
