Car -1 -1 -10 708 228 1188 364 1.5 1.5 2 0 0 0 0 0.999
Car -1 -1 -10 139 219 235 301 1.5 1.5 2 0 0 0 0 0.993
Car -1 -1 -10 556 217 770 347 1.5 1.5 2 0 0 0 0 0.986
Car -1 -1 -10 498 210 604 288 1.5 1.5 2 0 0 0 0 0.978
Car -1 -1 -10 -1 227 181 373 1.5 1.5 2 0 0 0 0 0.977
Car -1 -1 -10 449 202 521 264 1.5 1.5 2 0 0 0 0 0.937
Car -1 -1 -10 217 199 289 253 1.5 1.5 2 0 0 0 0 0.801
Car -1 -1 -10 418 203 456 247 1.5 1.5 2 0 0 0 0 0.795
Car -1 -1 -10 386 203 408 229 1.5 1.5 2 0 0 0 0 0.698
Car -1 -1 -10 406 207 428 239 1.5 1.5 2 0 0 0 0 0.677
