Car -1 -1 -10 1072 203 1236 381 1.5 1.5 2 0 0 0 0 0.992
Car -1 -1 -10 966 164 1236 338 1.5 1.5 2 0 0 0 0 0.989
Car -1 -1 -10 640 179 726 233 1.5 1.5 2 0 0 0 0 0.988
Car -1 -1 -10 500 173 526 193 1.5 1.5 2 0 0 0 0 0.911
Car -1 -1 -10 430 176 494 212 1.5 1.5 2 0 0 0 0 0.805
Car -1 -1 -10 619 168 665 200 1.5 1.5 2 0 0 0 0 0.720
Car -1 -1 -10 535 170 555 184 1.5 1.5 2 0 0 0 0 0.676
Car -1 -1 -10 605 166 623 182 1.5 1.5 2 0 0 0 0 0.599
Car -1 -1 -10 490 174 512 194 1.5 1.5 2 0 0 0 0 0.571
Car -1 -1 -10 449 174 496 204 1.5 1.5 2 0 0 0 0 0.556
Car -1 -1 -10 195 181 421 247 1.5 1.5 2 0 0 0 0 0.533
Car -1 -1 -10 313 175 435 239 1.5 1.5 2 0 0 0 0 0.509
