Car -1 -1 -10 1003 152 1111 178 1.5 1.5 2 0 0 0 0 0.993
Car -1 -1 -10 733 165 865 215 1.5 1.5 2 0 0 0 0 0.990
Car -1 -1 -10 1164 142 1242 182 1.5 1.5 2 0 0 0 0 0.970
Car -1 -1 -10 498 177 544 213 1.5 1.5 2 0 0 0 0 0.918
Car -1 -1 -10 664 171 694 191 1.5 1.5 2 0 0 0 0 0.896
Car -1 -1 -10 573 177 595 193 1.5 1.5 2 0 0 0 0 0.889
Car -1 -1 -10 524 178 560 202 1.5 1.5 2 0 0 0 0 0.886
Car -1 -1 -10 917 155 965 175 1.5 1.5 2 0 0 0 0 0.841
Car -1 -1 -10 968 152 1034 176 1.5 1.5 2 0 0 0 0 0.814
Car -1 -1 -10 633 175 657 189 1.5 1.5 2 0 0 0 0 0.759
Car -1 -1 -10 555 178 571 192 1.5 1.5 2 0 0 0 0 0.714
Car -1 -1 -10 622 175 642 191 1.5 1.5 2 0 0 0 0 0.557
