Car -1 -1 -10 738 167 924 231 1.5 1.5 2 0 0 0 0 0.998
Car -1 -1 -10 1039 149 1163 185 1.5 1.5 2 0 0 0 0 0.991
Car -1 -1 -10 456 186 502 226 1.5 1.5 2 0 0 0 0 0.991
Car -1 -1 -10 538 177 578 209 1.5 1.5 2 0 0 0 0 0.975
Car -1 -1 -10 498 182 537 208 1.5 1.5 2 0 0 0 0 0.949
Car -1 -1 -10 479 182 524 212 1.5 1.5 2 0 0 0 0 0.920
Car -1 -1 -10 753 157 835 189 1.5 1.5 2 0 0 0 0 0.853
Car -1 -1 -10 604 179 630 199 1.5 1.5 2 0 0 0 0 0.849
Car -1 -1 -10 992 150 1054 180 1.5 1.5 2 0 0 0 0 0.831
Car -1 -1 -10 616 179 644 197 1.5 1.5 2 0 0 0 0 0.788
Car -1 -1 -10 648 177 682 199 1.5 1.5 2 0 0 0 0 0.690
Car -1 -1 -10 879 153 969 179 1.5 1.5 2 0 0 0 0 0.528
Car -1 -1 -10 468 184 513 214 1.5 1.5 2 0 0 0 0 0.504
