Car -1 -1 -10 595 183 693 265 1.5 1.5 2 0 0 0 0 0.989
Car -1 -1 -10 56 195 286 303 1.5 1.5 2 0 0 0 0 0.974
Car -1 -1 -10 326 188 414 226 1.5 1.5 2 0 0 0 0 0.962
Car -1 -1 -10 -4 200 158 284 1.5 1.5 2 0 0 0 0 0.954
Car -1 -1 -10 727 178 851 240 1.5 1.5 2 0 0 0 0 0.914
Car -1 -1 -10 491 181 529 211 1.5 1.5 2 0 0 0 0 0.849
Car -1 -1 -10 392 182 444 216 1.5 1.5 2 0 0 0 0 0.749
Car -1 -1 -10 687 179 739 213 1.5 1.5 2 0 0 0 0 0.680
Car -1 -1 -10 590 184 608 198 1.5 1.5 2 0 0 0 0 0.672
Car -1 -1 -10 556 183 580 199 1.5 1.5 2 0 0 0 0 0.591
Car -1 -1 -10 448 184 482 206 1.5 1.5 2 0 0 0 0 0.533
