Car -1 -1 -10 746 212 912 320 1.5 1.5 2 0 0 0 0 0.997
Car -1 -1 -10 698 197 782 261 1.5 1.5 2 0 0 0 0 0.977
Car -1 -1 -10 828 248 1236 374 1.5 1.5 2 0 0 0 0 0.966
Car -1 -1 -10 665 192 717 240 1.5 1.5 2 0 0 0 0 0.953
Car -1 -1 -10 466 187 564 247 1.5 1.5 2 0 0 0 0 0.945
Car -1 -1 -10 616 188 640 202 1.5 1.5 2 0 0 0 0 0.859
Car -1 -1 -10 648 190 697 222 1.5 1.5 2 0 0 0 0 0.659
Car -1 -1 -10 553 183 594 209 1.5 1.5 2 0 0 0 0 0.655
Car -1 -1 -10 575 185 604 203 1.5 1.5 2 0 0 0 0 0.593
Car -1 -1 -10 639 191 653 203 1.5 1.5 2 0 0 0 0 0.561
