Car -1 -1 -10 750 185 826 247 1.5 1.5 2 0 0 0 0 0.995
Car -1 -1 -10 500 182 556 214 1.5 1.5 2 0 0 0 0 0.992
Car -1 -1 -10 4 214 240 374 1.5 1.5 2 0 0 0 0 0.977
Car -1 -1 -10 583 177 607 191 1.5 1.5 2 0 0 0 0 0.925
Car -1 -1 -10 726 177 790 233 1.5 1.5 2 0 0 0 0 0.895
Car -1 -1 -10 548 179 574 203 1.5 1.5 2 0 0 0 0 0.881
Car -1 -1 -10 691 179 725 211 1.5 1.5 2 0 0 0 0 0.783
Car -1 -1 -10 687 179 730 207 1.5 1.5 2 0 0 0 0 0.665
Car -1 -1 -10 640 174 658 184 1.5 1.5 2 0 0 0 0 0.663
Car -1 -1 -10 711 180 768 218 1.5 1.5 2 0 0 0 0 0.620
