Car -1 -1 -10 911 251 1233 379 1.5 1.5 2 0 0 0 0 0.997
Car -1 -1 -10 190 196 446 362 1.5 1.5 2 0 0 0 0 0.996
Car -1 -1 -10 742 175 978 345 1.5 1.5 2 0 0 0 0 0.994
Car -1 -1 -10 560 178 618 224 1.5 1.5 2 0 0 0 0 0.994
Car -1 -1 -10 380 185 492 281 1.5 1.5 2 0 0 0 0 0.984
Car -1 -1 -10 123 188 241 228 1.5 1.5 2 0 0 0 0 0.981
Car -1 -1 -10 520 179 562 209 1.5 1.5 2 0 0 0 0 0.967
Car -1 -1 -10 -69 190 30 256 1.5 1.5 2 0 0 0 0 0.953
Car -1 -1 -10 453 175 509 209 1.5 1.5 2 0 0 0 0 0.726
Car -1 -1 -10 612 172 648 196 1.5 1.5 2 0 0 0 0 0.682
Car -1 -1 -10 453 175 481 189 1.5 1.5 2 0 0 0 0 0.579
Car -1 -1 -10 493 179 523 199 1.5 1.5 2 0 0 0 0 0.565
Car -1 -1 -10 307 179 363 201 1.5 1.5 2 0 0 0 0 0.559
Car -1 -1 -10 396 178 436 190 1.5 1.5 2 0 0 0 0 0.517
