Car -1 -1 -10 189 186 383 272 1.5 1.5 2 0 0 0 0 0.998
Car -1 -1 -10 787 191 941 243 1.5 1.5 2 0 0 0 0 0.993
Car -1 -1 -10 860 199 1134 301 1.5 1.5 2 0 0 0 0 0.991
Car -1 -1 -10 1086 200 1240 330 1.5 1.5 2 0 0 0 0 0.986
Car -1 -1 -10 308 181 448 247 1.5 1.5 2 0 0 0 0 0.982
Car -1 -1 -10 772 183 842 231 1.5 1.5 2 0 0 0 0 0.939
Car -1 -1 -10 411 180 491 234 1.5 1.5 2 0 0 0 0 0.916
Car -1 -1 -10 699 187 783 223 1.5 1.5 2 0 0 0 0 0.884
Car -1 -1 -10 487 180 543 210 1.5 1.5 2 0 0 0 0 0.693
Car -1 -1 -10 639 186 677 206 1.5 1.5 2 0 0 0 0 0.572
Car -1 -1 -10 992 252 1250 382 1.5 1.5 2 0 0 0 0 0.568
