Car -1 -1 -10 321 179 497 273 1.5 1.5 2 0 0 0 0 0.999
Car -1 -1 -10 852 179 1250 379 1.5 1.5 2 0 0 0 0 0.999
Car -1 -1 -10 775 177 911 289 1.5 1.5 2 0 0 0 0 0.998
Car -1 -1 -10 602 173 690 223 1.5 1.5 2 0 0 0 0 0.997
Car -1 -1 -10 3 168 243 370 1.5 1.5 2 0 0 0 0 0.957
Car -1 -1 -10 810 164 864 184 1.5 1.5 2 0 0 0 0 0.878
Car -1 -1 -10 685 169 711 195 1.5 1.5 2 0 0 0 0 0.863
Car -1 -1 -10 718 166 742 186 1.5 1.5 2 0 0 0 0 0.779
Car -1 -1 -10 1019 144 1087 186 1.5 1.5 2 0 0 0 0 0.779
Car -1 -1 -10 482 177 510 187 1.5 1.5 2 0 0 0 0 0.629
Car -1 -1 -10 743 158 769 180 1.5 1.5 2 0 0 0 0 0.608
Car -1 -1 -10 719 158 769 186 1.5 1.5 2 0 0 0 0 0.579
