Car -1 -1 -10 333 190 429 238 1.5 1.5 2 0 0 0 0 0.999
Car -1 -1 -10 846 155 1150 349 1.5 1.5 2 0 0 0 0 0.995
Car -1 -1 -10 1098 190 1365 368 1.5 1.5 2 0 0 0 0 0.984
Car -1 -1 -10 802 182 950 280 1.5 1.5 2 0 0 0 0 0.972
Car -1 -1 -10 747 175 859 255 1.5 1.5 2 0 0 0 0 0.968
Car -1 -1 -10 683 176 763 220 1.5 1.5 2 0 0 0 0 0.923
Car -1 -1 -10 586 175 636 215 1.5 1.5 2 0 0 0 0 0.907
Car -1 -1 -10 431 179 475 201 1.5 1.5 2 0 0 0 0 0.859
Car -1 -1 -10 655 176 693 202 1.5 1.5 2 0 0 0 0 0.855
Car -1 -1 -10 485 182 521 200 1.5 1.5 2 0 0 0 0 0.796
Car -1 -1 -10 1102 165 1232 199 1.5 1.5 2 0 0 0 0 0.736
Car -1 -1 -10 555 173 575 185 1.5 1.5 2 0 0 0 0 0.552
