Car -1 -1 -10 1147 167 1245 367 1.5 1.5 2 0 0 0 0 0.990
Car -1 -1 -10 578 172 666 242 1.5 1.5 2 0 0 0 0 0.980
Car -1 -1 -10 703 171 777 231 1.5 1.5 2 0 0 0 0 0.980
Car -1 -1 -10 1087 179 1191 219 1.5 1.5 2 0 0 0 0 0.958
Car -1 -1 -10 486 173 514 193 1.5 1.5 2 0 0 0 0 0.910
Car -1 -1 -10 430 179 468 199 1.5 1.5 2 0 0 0 0 0.822
Car -1 -1 -10 61 185 143 241 1.5 1.5 2 0 0 0 0 0.760
Car -1 -1 -10 667 170 713 200 1.5 1.5 2 0 0 0 0 0.728
Car -1 -1 -10 338 175 397 213 1.5 1.5 2 0 0 0 0 0.711
Car -1 -1 -10 649 175 671 193 1.5 1.5 2 0 0 0 0 0.617
