Car -1 -1 -10 -2 211 356 373 1.5 1.5 2 0 0 0 0 0.999
Car -1 -1 -10 329 199 441 289 1.5 1.5 2 0 0 0 0 0.994
Car -1 -1 -10 869 218 1239 368 1.5 1.5 2 0 0 0 0 0.992
Car -1 -1 -10 742 189 948 321 1.5 1.5 2 0 0 0 0 0.989
Car -1 -1 -10 508 179 544 201 1.5 1.5 2 0 0 0 0 0.963
Car -1 -1 -10 686 175 782 259 1.5 1.5 2 0 0 0 0 0.929
Car -1 -1 -10 446 171 518 229 1.5 1.5 2 0 0 0 0 0.880
Car -1 -1 -10 631 182 683 216 1.5 1.5 2 0 0 0 0 0.850
Car -1 -1 -10 657 180 751 242 1.5 1.5 2 0 0 0 0 0.714
Car -1 -1 -10 618 179 658 205 1.5 1.5 2 0 0 0 0 0.631
Car -1 -1 -10 609 177 646 201 1.5 1.5 2 0 0 0 0 0.548
