Car -1 -1 -10 408 180 590 282 1.5 1.5 2 0 0 0 0 0.999
Car -1 -1 -10 817 184 1127 368 1.5 1.5 2 0 0 0 0 0.996
Car -1 -1 -10 793 173 927 273 1.5 1.5 2 0 0 0 0 0.974
Car -1 -1 -10 576 175 616 217 1.5 1.5 2 0 0 0 0 0.974
Car -1 -1 -10 740 171 784 209 1.5 1.5 2 0 0 0 0 0.945
Car -1 -1 -10 -1 197 27 221 1.5 1.5 2 0 0 0 0 0.881
Car -1 -1 -10 936 150 1078 212 1.5 1.5 2 0 0 0 0 0.853
Car -1 -1 -10 617 164 665 198 1.5 1.5 2 0 0 0 0 0.840
Car -1 -1 -10 788 159 854 189 1.5 1.5 2 0 0 0 0 0.764
Car -1 -1 -10 385 185 413 193 1.5 1.5 2 0 0 0 0 0.619
Car -1 -1 -10 637 169 667 189 1.5 1.5 2 0 0 0 0 0.572
Car -1 -1 -10 316 187 352 197 1.5 1.5 2 0 0 0 0 0.547
Car -1 -1 -10 1064 141 1210 217 1.5 1.5 2 0 0 0 0 0.544
