Car -1 -1 -10 542 180 662 240 1.5 1.5 2 0 0 0 0 0.972
Car -1 -1 -10 1201 155 1237 171 1.5 1.5 2 0 0 0 0 0.915
Car -1 -1 -10 671 176 685 190 1.5 1.5 2 0 0 0 0 0.804
Car -1 -1 -10 1170 157 1202 175 1.5 1.5 2 0 0 0 0 0.788
Car -1 -1 -10 694 173 716 187 1.5 1.5 2 0 0 0 0 0.717
Car -1 -1 -10 521 181 547 201 1.5 1.5 2 0 0 0 0 0.685
Car -1 -1 -10 689 174 707 186 1.5 1.5 2 0 0 0 0 0.674
Car -1 -1 -10 1040 159 1078 177 1.5 1.5 2 0 0 0 0 0.671
Car -1 -1 -10 650 179 670 199 1.5 1.5 2 0 0 0 0 0.607
Car -1 -1 -10 1103 155 1167 175 1.5 1.5 2 0 0 0 0 0.508
