Car -1 -1 -10 591 180 659 230 1.5 1.5 2 0 0 0 0 0.997
Car -1 -1 -10 339 175 499 251 1.5 1.5 2 0 0 0 0 0.992
Car -1 -1 -10 979 175 1231 379 1.5 1.5 2 0 0 0 0 0.987
Car -1 -1 -10 757 177 857 247 1.5 1.5 2 0 0 0 0 0.984
Car -1 -1 -10 8 177 226 379 1.5 1.5 2 0 0 0 0 0.983
Car -1 -1 -10 466 175 532 215 1.5 1.5 2 0 0 0 0 0.974
Car -1 -1 -10 799 188 929 292 1.5 1.5 2 0 0 0 0 0.941
Car -1 -1 -10 288 175 372 225 1.5 1.5 2 0 0 0 0 0.879
Car -1 -1 -10 719 170 791 226 1.5 1.5 2 0 0 0 0 0.797
Car -1 -1 -10 537 159 589 193 1.5 1.5 2 0 0 0 0 0.625
