Car -1 -1 -10 276 202 386 278 1.5 1.5 2 0 0 0 0 0.994
Car -1 -1 -10 371 190 441 246 1.5 1.5 2 0 0 0 0 0.991
Car -1 -1 -10 19 213 295 343 1.5 1.5 2 0 0 0 0 0.990
Car -1 -1 -10 889 145 1091 215 1.5 1.5 2 0 0 0 0 0.978
Car -1 -1 -10 436 192 494 226 1.5 1.5 2 0 0 0 0 0.977
Car -1 -1 -10 672 176 746 220 1.5 1.5 2 0 0 0 0 0.924
Car -1 -1 -10 1 237 51 373 1.5 1.5 2 0 0 0 0 0.922
Car -1 -1 -10 795 157 889 205 1.5 1.5 2 0 0 0 0 0.882
Car -1 -1 -10 649 178 689 204 1.5 1.5 2 0 0 0 0 0.818
Car -1 -1 -10 596 174 620 190 1.5 1.5 2 0 0 0 0 0.722
Car -1 -1 -10 848 154 930 202 1.5 1.5 2 0 0 0 0 0.526
