Car -1 -1 -10 1202 155 1236 171 1.5 1.5 2 0 0 0 0 0.892
Car -1 -1 -10 698 173 714 187 1.5 1.5 2 0 0 0 0 0.887
Car -1 -1 -10 660 171 692 197 1.5 1.5 2 0 0 0 0 0.877
Car -1 -1 -10 466 181 506 205 1.5 1.5 2 0 0 0 0 0.841
Car -1 -1 -10 728 170 756 190 1.5 1.5 2 0 0 0 0 0.827
Car -1 -1 -10 1170 157 1202 173 1.5 1.5 2 0 0 0 0 0.786
Car -1 -1 -10 1039 160 1079 176 1.5 1.5 2 0 0 0 0 0.720
Car -1 -1 -10 531 181 561 197 1.5 1.5 2 0 0 0 0 0.705
Car -1 -1 -10 693 173 714 187 1.5 1.5 2 0 0 0 0 0.605
Car -1 -1 -10 289 183 377 229 1.5 1.5 2 0 0 0 0 0.518
