Car -1 -1 -10 437 180 601 268 1.5 1.5 2 0 0 0 0 0.995
Car -1 -1 -10 608 175 662 209 1.5 1.5 2 0 0 0 0 0.971
Car -1 -1 -10 1200 155 1236 171 1.5 1.5 2 0 0 0 0 0.907
Car -1 -1 -10 695 173 715 189 1.5 1.5 2 0 0 0 0 0.882
Car -1 -1 -10 673 176 687 188 1.5 1.5 2 0 0 0 0 0.824
Car -1 -1 -10 1170 157 1202 175 1.5 1.5 2 0 0 0 0 0.759
Car -1 -1 -10 1039 160 1079 176 1.5 1.5 2 0 0 0 0 0.692
Car -1 -1 -10 729 167 753 185 1.5 1.5 2 0 0 0 0 0.634
Car -1 -1 -10 654 173 670 187 1.5 1.5 2 0 0 0 0 0.616
Car -1 -1 -10 1103 158 1141 176 1.5 1.5 2 0 0 0 0 0.581
Car -1 -1 -10 1137 158 1173 174 1.5 1.5 2 0 0 0 0 0.568
Car -1 -1 -10 294 192 318 206 1.5 1.5 2 0 0 0 0 0.560
