Car -1 -1 -10 0 198 186 296 1.5 1.5 2 0 0 0 0 0.980
Car -1 -1 -10 569 182 601 206 1.5 1.5 2 0 0 0 0 0.949
Car -1 -1 -10 167 204 401 290 1.5 1.5 2 0 0 0 0 0.912
Car -1 -1 -10 483 184 525 212 1.5 1.5 2 0 0 0 0 0.890
Car -1 -1 -10 507 184 536 202 1.5 1.5 2 0 0 0 0 0.846
Car -1 -1 -10 169 179 269 233 1.5 1.5 2 0 0 0 0 0.713
Car -1 -1 -10 369 187 421 223 1.5 1.5 2 0 0 0 0 0.623
Car -1 -1 -10 298 182 400 214 1.5 1.5 2 0 0 0 0 0.529
Car -1 -1 -10 111 199 167 225 1.5 1.5 2 0 0 0 0 0.500
Car -1 -1 -10 541 185 560 197 1.5 1.5 2 0 0 0 0 0.500
