Car -1 -1 -10 135 203 451 355 1.5 1.5 2 0 0 0 0 0.999
Car -1 -1 -10 742 192 1038 352 1.5 1.5 2 0 0 0 0 0.998
Car -1 -1 -10 710 189 810 267 1.5 1.5 2 0 0 0 0 0.997
Car -1 -1 -10 468 189 538 243 1.5 1.5 2 0 0 0 0 0.995
Car -1 -1 -10 669 178 747 242 1.5 1.5 2 0 0 0 0 0.979
Car -1 -1 -10 634 178 662 202 1.5 1.5 2 0 0 0 0 0.952
Car -1 -1 -10 527 183 563 217 1.5 1.5 2 0 0 0 0 0.927
Car -1 -1 -10 1 253 249 385 1.5 1.5 2 0 0 0 0 0.825
Car -1 -1 -10 620 176 634 188 1.5 1.5 2 0 0 0 0 0.765
Car -1 -1 -10 569 182 585 194 1.5 1.5 2 0 0 0 0 0.755
Car -1 -1 -10 571 180 585 190 1.5 1.5 2 0 0 0 0 0.661
Car -1 -1 -10 607 178 617 184 1.5 1.5 2 0 0 0 0 0.547
