Car -1 -1 -10 733 166 995 330 1.5 1.5 2 0 0 0 0 0.980
Car -1 -1 -10 677 179 741 233 1.5 1.5 2 0 0 0 0 0.944
Car -1 -1 -10 15 191 291 315 1.5 1.5 2 0 0 0 0 0.936
Car -1 -1 -10 3 249 163 353 1.5 1.5 2 0 0 0 0 0.926
Car -1 -1 -10 332 166 434 240 1.5 1.5 2 0 0 0 0 0.867
Car -1 -1 -10 121 183 305 277 1.5 1.5 2 0 0 0 0 0.836
Car -1 -1 -10 416 171 486 219 1.5 1.5 2 0 0 0 0 0.734
Car -1 -1 -10 648 175 684 205 1.5 1.5 2 0 0 0 0 0.632
Car -1 -1 -10 225 167 387 255 1.5 1.5 2 0 0 0 0 0.589
Car -1 -1 -10 705 176 767 254 1.5 1.5 2 0 0 0 0 0.568
