Car -1 -1 -10 660 191 724 245 1.5 1.5 2 0 0 0 0 0.984
Car -1 -1 -10 479 191 547 243 1.5 1.5 2 0 0 0 0 0.979
Car -1 -1 -10 299 198 471 338 1.5 1.5 2 0 0 0 0 0.978
Car -1 -1 -10 710 166 910 328 1.5 1.5 2 0 0 0 0 0.977
Car -1 -1 -10 539 189 563 209 1.5 1.5 2 0 0 0 0 0.874
Car -1 -1 -10 548 190 574 208 1.5 1.5 2 0 0 0 0 0.869
Car -1 -1 -10 572 186 582 196 1.5 1.5 2 0 0 0 0 0.814
Car -1 -1 -10 608 184 624 196 1.5 1.5 2 0 0 0 0 0.755
Car -1 -1 -10 626 183 652 205 1.5 1.5 2 0 0 0 0 0.661
Car -1 -1 -10 695 195 788 257 1.5 1.5 2 0 0 0 0 0.523
Car -1 -1 -10 608 181 618 189 1.5 1.5 2 0 0 0 0 0.508
