Car -1 -1 -10 999 161 1237 355 1.5 1.5 2 0 0 0 0 0.997
Car -1 -1 -10 305 174 509 304 1.5 1.5 2 0 0 0 0 0.983
Car -1 -1 -10 847 147 1003 201 1.5 1.5 2 0 0 0 0 0.959
Car -1 -1 -10 664 172 718 204 1.5 1.5 2 0 0 0 0 0.953
Car -1 -1 -10 501 178 540 204 1.5 1.5 2 0 0 0 0 0.948
Car -1 -1 -10 605 178 641 204 1.5 1.5 2 0 0 0 0 0.934
Car -1 -1 -10 1073 150 1135 180 1.5 1.5 2 0 0 0 0 0.886
Car -1 -1 -10 580 171 608 185 1.5 1.5 2 0 0 0 0 0.821
Car -1 -1 -10 636 179 658 199 1.5 1.5 2 0 0 0 0 0.782
Car -1 -1 -10 481 180 523 208 1.5 1.5 2 0 0 0 0 0.776
Car -1 -1 -10 1000 142 1078 184 1.5 1.5 2 0 0 0 0 0.628
Car -1 -1 -10 473 183 512 209 1.5 1.5 2 0 0 0 0 0.610
