Car -1 -1 -10 351 191 453 245 1.5 1.5 2 0 0 0 0 0.985
Car -1 -1 -10 773 159 873 193 1.5 1.5 2 0 0 0 0 0.978
Car -1 -1 -10 433 183 487 227 1.5 1.5 2 0 0 0 0 0.968
Car -1 -1 -10 517 180 541 204 1.5 1.5 2 0 0 0 0 0.961
Car -1 -1 -10 2 192 268 364 1.5 1.5 2 0 0 0 0 0.951
Car -1 -1 -10 885 184 1231 374 1.5 1.5 2 0 0 0 0 0.880
Car -1 -1 -10 482 183 523 209 1.5 1.5 2 0 0 0 0 0.864
Car -1 -1 -10 467 182 514 212 1.5 1.5 2 0 0 0 0 0.837
Car -1 -1 -10 1032 138 1218 190 1.5 1.5 2 0 0 0 0 0.735
Car -1 -1 -10 1006 147 1068 177 1.5 1.5 2 0 0 0 0 0.727
Car -1 -1 -10 467 184 501 218 1.5 1.5 2 0 0 0 0 0.546
