Car -1 -1 -10 1148 190 1188 214 1.5 1.5 2 0 0 0 0 0.896
Car -1 -1 -10 562 188 592 216 1.5 1.5 2 0 0 0 0 0.849
Car -1 -1 -10 1195 194 1245 216 1.5 1.5 2 0 0 0 0 0.790
Car -1 -1 -10 795 183 821 195 1.5 1.5 2 0 0 0 0 0.765
Car -1 -1 -10 1020 192 1056 206 1.5 1.5 2 0 0 0 0 0.747
Car -1 -1 -10 726 184 762 194 1.5 1.5 2 0 0 0 0 0.729
Car -1 -1 -10 9 207 31 221 1.5 1.5 2 0 0 0 0 0.704
Car -1 -1 -10 1102 189 1148 213 1.5 1.5 2 0 0 0 0 0.677
Car -1 -1 -10 273 189 309 209 1.5 1.5 2 0 0 0 0 0.559
Car -1 -1 -10 744 184 774 194 1.5 1.5 2 0 0 0 0 0.541
Car -1 -1 -10 842 185 872 199 1.5 1.5 2 0 0 0 0 0.535
Car -1 -1 -10 766 185 788 195 1.5 1.5 2 0 0 0 0 0.521
Car -1 -1 -10 36 202 66 216 1.5 1.5 2 0 0 0 0 0.509
