Car -1 -1 -10 334 195 466 261 1.5 1.5 2 0 0 0 0 0.994
Car -1 -1 -10 218 192 288 226 1.5 1.5 2 0 0 0 0 0.988
Car -1 -1 -10 475 172 737 302 1.5 1.5 2 0 0 0 0 0.984
Car -1 -1 -10 813 175 927 231 1.5 1.5 2 0 0 0 0 0.963
Car -1 -1 -10 738 174 808 222 1.5 1.5 2 0 0 0 0 0.956
Car -1 -1 -10 177 187 205 203 1.5 1.5 2 0 0 0 0 0.947
Car -1 -1 -10 76 191 104 203 1.5 1.5 2 0 0 0 0 0.909
Car -1 -1 -10 2 191 58 223 1.5 1.5 2 0 0 0 0 0.905
Car -1 -1 -10 421 178 499 212 1.5 1.5 2 0 0 0 0 0.884
Car -1 -1 -10 112 188 132 198 1.5 1.5 2 0 0 0 0 0.871
Car -1 -1 -10 888 166 1050 224 1.5 1.5 2 0 0 0 0 0.786
