Car -1 -1 -10 816 183 1088 337 1.5 1.5 2 0 0 0 0 0.999
Car -1 -1 -10 381 186 501 262 1.5 1.5 2 0 0 0 0 0.998
Car -1 -1 -10 719 178 795 238 1.5 1.5 2 0 0 0 0 0.991
Car -1 -1 -10 -4 237 162 375 1.5 1.5 2 0 0 0 0 0.990
Car -1 -1 -10 760 185 886 271 1.5 1.5 2 0 0 0 0 0.983
Car -1 -1 -10 560 180 608 210 1.5 1.5 2 0 0 0 0 0.914
Car -1 -1 -10 500 181 560 221 1.5 1.5 2 0 0 0 0 0.890
Car -1 -1 -10 430 181 528 245 1.5 1.5 2 0 0 0 0 0.888
Car -1 -1 -10 316 189 346 203 1.5 1.5 2 0 0 0 0 0.804
Car -1 -1 -10 364 186 398 204 1.5 1.5 2 0 0 0 0 0.799
Car -1 -1 -10 656 177 696 201 1.5 1.5 2 0 0 0 0 0.774
Car -1 -1 -10 796 169 826 185 1.5 1.5 2 0 0 0 0 0.773
Car -1 -1 -10 743 167 781 183 1.5 1.5 2 0 0 0 0 0.599
Car -1 -1 -10 710 180 768 218 1.5 1.5 2 0 0 0 0 0.564
