Car -1 -1 -10 835 171 1021 287 1.5 1.5 2 0 0 0 0 0.998
Car -1 -1 -10 754 180 888 264 1.5 1.5 2 0 0 0 0 0.994
Car -1 -1 -10 971 174 1239 360 1.5 1.5 2 0 0 0 0 0.991
Car -1 -1 -10 0 177 42 293 1.5 1.5 2 0 0 0 0 0.965
Car -1 -1 -10 713 174 817 238 1.5 1.5 2 0 0 0 0 0.946
Car -1 -1 -10 589 176 637 212 1.5 1.5 2 0 0 0 0 0.897
Car -1 -1 -10 691 179 729 219 1.5 1.5 2 0 0 0 0 0.855
Car -1 -1 -10 512 183 538 197 1.5 1.5 2 0 0 0 0 0.740
Car -1 -1 -10 454 179 476 191 1.5 1.5 2 0 0 0 0 0.673
Car -1 -1 -10 648 172 680 196 1.5 1.5 2 0 0 0 0 0.585
Car -1 -1 -10 678 177 726 209 1.5 1.5 2 0 0 0 0 0.529
