Car -1 -1 -10 -8 228 190 362 1.5 1.5 2 0 0 0 0 0.990
Car -1 -1 -10 1011 218 1225 372 1.5 1.5 2 0 0 0 0 0.961
Car -1 -1 -10 430 189 494 221 1.5 1.5 2 0 0 0 0 0.958
Car -1 -1 -10 120 199 220 231 1.5 1.5 2 0 0 0 0 0.858
Car -1 -1 -10 499 181 527 205 1.5 1.5 2 0 0 0 0 0.848
Car -1 -1 -10 647 175 701 207 1.5 1.5 2 0 0 0 0 0.808
Car -1 -1 -10 70 204 136 224 1.5 1.5 2 0 0 0 0 0.771
Car -1 -1 -10 622 174 660 190 1.5 1.5 2 0 0 0 0 0.725
Car -1 -1 -10 209 199 269 227 1.5 1.5 2 0 0 0 0 0.654
Car -1 -1 -10 935 178 1045 208 1.5 1.5 2 0 0 0 0 0.547
Car -1 -1 -10 2 204 54 228 1.5 1.5 2 0 0 0 0 0.529
