Car -1 -1 -10 841 189 1195 355 1.5 1.5 2 0 0 0 0 0.998
Car -1 -1 -10 770 179 910 267 1.5 1.5 2 0 0 0 0 0.997
Car -1 -1 -10 591 169 655 225 1.5 1.5 2 0 0 0 0 0.996
Car -1 -1 -10 272 175 460 271 1.5 1.5 2 0 0 0 0 0.992
Car -1 -1 -10 7 178 179 278 1.5 1.5 2 0 0 0 0 0.985
Car -1 -1 -10 168 171 326 243 1.5 1.5 2 0 0 0 0 0.980
Car -1 -1 -10 427 172 503 216 1.5 1.5 2 0 0 0 0 0.959
Car -1 -1 -10 730 159 824 237 1.5 1.5 2 0 0 0 0 0.857
Car -1 -1 -10 485 168 543 210 1.5 1.5 2 0 0 0 0 0.798
Car -1 -1 -10 519 153 581 191 1.5 1.5 2 0 0 0 0 0.639
