Car -1 -1 -10 -2 205 216 375 1.5 1.5 2 0 0 0 0 0.998
Car -1 -1 -10 664 166 760 202 1.5 1.5 2 0 0 0 0 0.962
Car -1 -1 -10 493 180 529 202 1.5 1.5 2 0 0 0 0 0.877
Car -1 -1 -10 619 174 643 190 1.5 1.5 2 0 0 0 0 0.862
Car -1 -1 -10 555 177 573 189 1.5 1.5 2 0 0 0 0 0.852
Car -1 -1 -10 866 151 952 179 1.5 1.5 2 0 0 0 0 0.806
Car -1 -1 -10 603 176 617 188 1.5 1.5 2 0 0 0 0 0.584
Car -1 -1 -10 830 159 862 177 1.5 1.5 2 0 0 0 0 0.578
Car -1 -1 -10 977 152 1009 178 1.5 1.5 2 0 0 0 0 0.568
Car -1 -1 -10 521 181 537 195 1.5 1.5 2 0 0 0 0 0.565
Car -1 -1 -10 808 158 836 176 1.5 1.5 2 0 0 0 0 0.549
Car -1 -1 -10 573 177 587 187 1.5 1.5 2 0 0 0 0 0.530
