Car -1 -1 -10 406 187 502 241 1.5 1.5 2 0 0 0 0 0.996
Car -1 -1 -10 748 182 832 248 1.5 1.5 2 0 0 0 0 0.983
Car -1 -1 -10 794 177 1010 305 1.5 1.5 2 0 0 0 0 0.952
Car -1 -1 -10 546 179 586 199 1.5 1.5 2 0 0 0 0 0.946
Car -1 -1 -10 717 179 773 231 1.5 1.5 2 0 0 0 0 0.919
Car -1 -1 -10 935 231 1247 371 1.5 1.5 2 0 0 0 0 0.906
Car -1 -1 -10 475 183 529 219 1.5 1.5 2 0 0 0 0 0.849
Car -1 -1 -10 693 181 745 215 1.5 1.5 2 0 0 0 0 0.845
Car -1 -1 -10 500 183 544 211 1.5 1.5 2 0 0 0 0 0.716
Car -1 -1 -10 684 179 729 209 1.5 1.5 2 0 0 0 0 0.632
Car -1 -1 -10 966 175 1038 205 1.5 1.5 2 0 0 0 0 0.609
