Car -1 -1 -10 788 163 942 247 1.5 1.5 2 0 0 0 0 0.998
Car -1 -1 -10 205 198 421 346 1.5 1.5 2 0 0 0 0 0.990
Car -1 -1 -10 396 187 494 261 1.5 1.5 2 0 0 0 0 0.988
Car -1 -1 -10 8 224 220 374 1.5 1.5 2 0 0 0 0 0.986
Car -1 -1 -10 487 189 539 233 1.5 1.5 2 0 0 0 0 0.972
Car -1 -1 -10 663 183 719 221 1.5 1.5 2 0 0 0 0 0.966
Car -1 -1 -10 552 184 568 210 1.5 1.5 2 0 0 0 0 0.925
Car -1 -1 -10 518 182 552 220 1.5 1.5 2 0 0 0 0 0.907
Car -1 -1 -10 737 179 771 205 1.5 1.5 2 0 0 0 0 0.711
Car -1 -1 -10 705 177 741 211 1.5 1.5 2 0 0 0 0 0.637
