Car -1 -1 -10 388 196 500 266 1.5 1.5 2 0 0 0 0 0.995
Car -1 -1 -10 65 197 297 339 1.5 1.5 2 0 0 0 0 0.994
Car -1 -1 -10 283 191 381 277 1.5 1.5 2 0 0 0 0 0.985
Car -1 -1 -10 1118 147 1244 253 1.5 1.5 2 0 0 0 0 0.865
Car -1 -1 -10 481 170 541 232 1.5 1.5 2 0 0 0 0 0.809
Car -1 -1 -10 378 187 444 229 1.5 1.5 2 0 0 0 0 0.800
Car -1 -1 -10 516 184 552 208 1.5 1.5 2 0 0 0 0 0.765
Car -1 -1 -10 616 182 640 204 1.5 1.5 2 0 0 0 0 0.731
Car -1 -1 -10 555 177 577 193 1.5 1.5 2 0 0 0 0 0.729
Car -1 -1 -10 568 176 586 190 1.5 1.5 2 0 0 0 0 0.538
