Car -1 -1 -10 579 191 649 229 1.5 1.5 2 0 0 0 0 0.993
Car -1 -1 -10 35 219 257 365 1.5 1.5 2 0 0 0 0 0.981
Car -1 -1 -10 -100 248 89 374 1.5 1.5 2 0 0 0 0 0.969
Car -1 -1 -10 402 192 456 220 1.5 1.5 2 0 0 0 0 0.961
Car -1 -1 -10 715 203 935 329 1.5 1.5 2 0 0 0 0 0.948
Car -1 -1 -10 492 190 510 200 1.5 1.5 2 0 0 0 0 0.925
Car -1 -1 -10 800 173 912 219 1.5 1.5 2 0 0 0 0 0.875
Car -1 -1 -10 451 191 473 209 1.5 1.5 2 0 0 0 0 0.864
Car -1 -1 -10 1097 170 1241 246 1.5 1.5 2 0 0 0 0 0.784
Car -1 -1 -10 523 188 537 194 1.5 1.5 2 0 0 0 0 0.770
Car -1 -1 -10 736 179 816 203 1.5 1.5 2 0 0 0 0 0.740
Car -1 -1 -10 566 185 588 201 1.5 1.5 2 0 0 0 0 0.545
