Car -1 -1 -10 6 206 298 374 1.5 1.5 2 0 0 0 0 0.997
Car -1 -1 -10 284 195 444 303 1.5 1.5 2 0 0 0 0 0.994
Car -1 -1 -10 776 168 906 238 1.5 1.5 2 0 0 0 0 0.992
Car -1 -1 -10 425 183 509 253 1.5 1.5 2 0 0 0 0 0.992
Car -1 -1 -10 492 187 542 233 1.5 1.5 2 0 0 0 0 0.968
Car -1 -1 -10 659 178 709 220 1.5 1.5 2 0 0 0 0 0.917
Car -1 -1 -10 553 183 571 209 1.5 1.5 2 0 0 0 0 0.872
Car -1 -1 -10 529 182 561 216 1.5 1.5 2 0 0 0 0 0.855
Car -1 -1 -10 699 180 729 208 1.5 1.5 2 0 0 0 0 0.770
Car -1 -1 -10 727 177 759 205 1.5 1.5 2 0 0 0 0 0.703
