Car -1 -1 -10 1150 155 1180 173 1.5 1.5 2 0 0 0 0 0.951
Car -1 -1 -10 646 174 700 206 1.5 1.5 2 0 0 0 0 0.944
Car -1 -1 -10 1008 160 1034 176 1.5 1.5 2 0 0 0 0 0.920
Car -1 -1 -10 1180 155 1222 171 1.5 1.5 2 0 0 0 0 0.917
Car -1 -1 -10 1089 158 1121 176 1.5 1.5 2 0 0 0 0 0.874
Car -1 -1 -10 733 174 751 186 1.5 1.5 2 0 0 0 0 0.849
Car -1 -1 -10 1120 157 1150 173 1.5 1.5 2 0 0 0 0 0.832
Car -1 -1 -10 1036 161 1066 175 1.5 1.5 2 0 0 0 0 0.806
Car -1 -1 -10 -101 177 37 269 1.5 1.5 2 0 0 0 0 0.793
Car -1 -1 -10 699 171 721 189 1.5 1.5 2 0 0 0 0 0.644
Car -1 -1 -10 1226 156 1240 168 1.5 1.5 2 0 0 0 0 0.627
Car -1 -1 -10 894 161 918 173 1.5 1.5 2 0 0 0 0 0.529
