Car -1 -1 -10 664 186 728 248 1.5 1.5 2 0 0 0 0 0.994
Car -1 -1 -10 720 197 918 339 1.5 1.5 2 0 0 0 0 0.985
Car -1 -1 -10 548 188 600 224 1.5 1.5 2 0 0 0 0 0.980
Car -1 -1 -10 328 180 434 250 1.5 1.5 2 0 0 0 0 0.922
Car -1 -1 -10 586 184 610 206 1.5 1.5 2 0 0 0 0 0.795
Car -1 -1 -10 692 188 782 266 1.5 1.5 2 0 0 0 0 0.699
Car -1 -1 -10 423 185 501 237 1.5 1.5 2 0 0 0 0 0.673
Car -1 -1 -10 136 189 212 235 1.5 1.5 2 0 0 0 0 0.603
Car -1 -1 -10 536 181 560 199 1.5 1.5 2 0 0 0 0 0.571
Car -1 -1 -10 472 176 530 210 1.5 1.5 2 0 0 0 0 0.563
Car -1 -1 -10 620 180 648 198 1.5 1.5 2 0 0 0 0 0.557
