Car -1 -1 -10 913 168 1203 340 1.5 1.5 2 0 0 0 0 0.999
Car -1 -1 -10 783 181 949 279 1.5 1.5 2 0 0 0 0 0.999
Car -1 -1 -10 729 173 855 255 1.5 1.5 2 0 0 0 0 0.986
Car -1 -1 -10 1194 217 1242 367 1.5 1.5 2 0 0 0 0 0.948
Car -1 -1 -10 589 177 639 213 1.5 1.5 2 0 0 0 0 0.920
Car -1 -1 -10 696 176 756 224 1.5 1.5 2 0 0 0 0 0.845
Car -1 -1 -10 503 182 529 198 1.5 1.5 2 0 0 0 0 0.832
Car -1 -1 -10 453 178 475 192 1.5 1.5 2 0 0 0 0 0.694
Car -1 -1 -10 586 170 606 184 1.5 1.5 2 0 0 0 0 0.677
Car -1 -1 -10 472 177 498 193 1.5 1.5 2 0 0 0 0 0.651
Car -1 -1 -10 651 177 681 201 1.5 1.5 2 0 0 0 0 0.622
Car -1 -1 -10 689 179 725 217 1.5 1.5 2 0 0 0 0 0.611
Car -1 -1 -10 538 179 556 189 1.5 1.5 2 0 0 0 0 0.540
