Car -1 -1 -10 714 175 846 259 1.5 1.5 2 0 0 0 0 0.996
Car -1 -1 -10 0 226 160 366 1.5 1.5 2 0 0 0 0 0.994
Car -1 -1 -10 891 151 1125 229 1.5 1.5 2 0 0 0 0 0.986
Car -1 -1 -10 432 183 494 219 1.5 1.5 2 0 0 0 0 0.978
Car -1 -1 -10 1063 132 1249 276 1.5 1.5 2 0 0 0 0 0.966
Car -1 -1 -10 467 181 509 209 1.5 1.5 2 0 0 0 0 0.939
Car -1 -1 -10 520 180 540 200 1.5 1.5 2 0 0 0 0 0.894
Car -1 -1 -10 491 180 530 206 1.5 1.5 2 0 0 0 0 0.674
Car -1 -1 -10 232 213 346 279 1.5 1.5 2 0 0 0 0 0.643
Car -1 -1 -10 310 186 424 264 1.5 1.5 2 0 0 0 0 0.605
Car -1 -1 -10 535 181 555 195 1.5 1.5 2 0 0 0 0 0.509
