Car -1 -1 -10 474 185 610 261 1.5 1.5 2 0 0 0 0 0.995
Car -1 -1 -10 -1 218 219 364 1.5 1.5 2 0 0 0 0 0.992
Car -1 -1 -10 631 152 1003 346 1.5 1.5 2 0 0 0 0 0.991
Car -1 -1 -10 1042 162 1234 236 1.5 1.5 2 0 0 0 0 0.987
Car -1 -1 -10 381 185 439 217 1.5 1.5 2 0 0 0 0 0.986
Car -1 -1 -10 188 186 244 214 1.5 1.5 2 0 0 0 0 0.944
Car -1 -1 -10 16 203 130 291 1.5 1.5 2 0 0 0 0 0.934
Car -1 -1 -10 553 168 647 200 1.5 1.5 2 0 0 0 0 0.827
Car -1 -1 -10 275 183 293 193 1.5 1.5 2 0 0 0 0 0.820
Car -1 -1 -10 352 176 376 194 1.5 1.5 2 0 0 0 0 0.816
Car -1 -1 -10 226 185 252 205 1.5 1.5 2 0 0 0 0 0.748
Car -1 -1 -10 947 161 1037 221 1.5 1.5 2 0 0 0 0 0.725
Car -1 -1 -10 310 178 320 184 1.5 1.5 2 0 0 0 0 0.518
