Car -1 -1 -10 724 210 870 314 1.5 1.5 2 0 0 0 0 0.998
Car -1 -1 -10 137 191 325 287 1.5 1.5 2 0 0 0 0 0.997
Car -1 -1 -10 569 190 633 238 1.5 1.5 2 0 0 0 0 0.996
Car -1 -1 -10 321 205 487 319 1.5 1.5 2 0 0 0 0 0.992
Car -1 -1 -10 687 187 787 263 1.5 1.5 2 0 0 0 0 0.986
Car -1 -1 -10 91 186 185 236 1.5 1.5 2 0 0 0 0 0.977
Car -1 -1 -10 425 186 523 270 1.5 1.5 2 0 0 0 0 0.975
Car -1 -1 -10 533 184 569 210 1.5 1.5 2 0 0 0 0 0.934
Car -1 -1 -10 461 191 538 241 1.5 1.5 2 0 0 0 0 0.685
Car -1 -1 -10 1021 131 1237 381 1.5 1.5 2 0 0 0 0 0.516
