Car -1 -1 -10 773 179 1033 333 1.5 1.5 2 0 0 0 0 0.996
Car -1 -1 -10 343 185 501 277 1.5 1.5 2 0 0 0 0 0.992
Car -1 -1 -10 1154 155 1329 271 1.5 1.5 2 0 0 0 0 0.989
Car -1 -1 -10 1042 159 1202 249 1.5 1.5 2 0 0 0 0 0.982
Car -1 -1 -10 964 168 1090 232 1.5 1.5 2 0 0 0 0 0.962
Car -1 -1 -10 515 180 574 218 1.5 1.5 2 0 0 0 0 0.942
Car -1 -1 -10 451 164 551 248 1.5 1.5 2 0 0 0 0 0.836
Car -1 -1 -10 4 279 112 371 1.5 1.5 2 0 0 0 0 0.833
Car -1 -1 -10 736 160 882 264 1.5 1.5 2 0 0 0 0 0.711
Car -1 -1 -10 687 175 727 193 1.5 1.5 2 0 0 0 0 0.672
Car -1 -1 -10 103 213 139 223 1.5 1.5 2 0 0 0 0 0.595
Car -1 -1 -10 922 165 988 189 1.5 1.5 2 0 0 0 0 0.514
