Car -1 -1 -10 814 194 920 264 1.5 1.5 2 0 0 0 0 0.994
Car -1 -1 -10 -6 248 184 358 1.5 1.5 2 0 0 0 0 0.990
Car -1 -1 -10 5 194 221 320 1.5 1.5 2 0 0 0 0 0.989
Car -1 -1 -10 875 199 981 281 1.5 1.5 2 0 0 0 0 0.982
Car -1 -1 -10 420 187 514 229 1.5 1.5 2 0 0 0 0 0.965
Car -1 -1 -10 238 190 374 258 1.5 1.5 2 0 0 0 0 0.941
Car -1 -1 -10 724 185 802 237 1.5 1.5 2 0 0 0 0 0.931
Car -1 -1 -10 898 235 1238 365 1.5 1.5 2 0 0 0 0 0.929
Car -1 -1 -10 747 188 833 246 1.5 1.5 2 0 0 0 0 0.889
Car -1 -1 -10 296 173 450 245 1.5 1.5 2 0 0 0 0 0.870
Car -1 -1 -10 624 186 672 216 1.5 1.5 2 0 0 0 0 0.805
Car -1 -1 -10 167 199 325 285 1.5 1.5 2 0 0 0 0 0.781
