Car -1 -1 -10 710 191 866 309 1.5 1.5 2 0 0 0 0 0.996
Car -1 -1 -10 670 193 746 261 1.5 1.5 2 0 0 0 0 0.989
Car -1 -1 -10 642 192 709 236 1.5 1.5 2 0 0 0 0 0.974
Car -1 -1 -10 833 217 1241 367 1.5 1.5 2 0 0 0 0 0.953
Car -1 -1 -10 384 200 494 260 1.5 1.5 2 0 0 0 0 0.926
Car -1 -1 -10 478 195 523 225 1.5 1.5 2 0 0 0 0 0.877
Car -1 -1 -10 614 190 638 210 1.5 1.5 2 0 0 0 0 0.830
Car -1 -1 -10 467 198 503 236 1.5 1.5 2 0 0 0 0 0.729
Car -1 -1 -10 579 188 603 204 1.5 1.5 2 0 0 0 0 0.601
Car -1 -1 -10 605 189 623 207 1.5 1.5 2 0 0 0 0 0.514
