Car -1 -1 -10 276 190 424 264 1.5 1.5 2 0 0 0 0 0.997
Car -1 -1 -10 791 155 895 195 1.5 1.5 2 0 0 0 0 0.990
Car -1 -1 -10 402 190 460 236 1.5 1.5 2 0 0 0 0 0.989
Car -1 -1 -10 -3 235 202 371 1.5 1.5 2 0 0 0 0 0.983
Car -1 -1 -10 503 181 531 207 1.5 1.5 2 0 0 0 0 0.970
Car -1 -1 -10 1127 129 1245 175 1.5 1.5 2 0 0 0 0 0.909
Car -1 -1 -10 451 184 504 218 1.5 1.5 2 0 0 0 0 0.880
Car -1 -1 -10 1037 143 1109 173 1.5 1.5 2 0 0 0 0 0.866
Car -1 -1 -10 447 184 485 220 1.5 1.5 2 0 0 0 0 0.653
Car -1 -1 -10 536 179 560 199 1.5 1.5 2 0 0 0 0 0.536
Car -1 -1 -10 649 170 701 198 1.5 1.5 2 0 0 0 0 0.524
Car -1 -1 -10 618 171 634 183 1.5 1.5 2 0 0 0 0 0.511
