Car -1 -1 -10 786 186 1008 318 1.5 1.5 2 0 0 0 0 0.995
Car -1 -1 -10 401 187 521 255 1.5 1.5 2 0 0 0 0 0.992
Car -1 -1 -10 13 219 265 373 1.5 1.5 2 0 0 0 0 0.989
Car -1 -1 -10 710 180 780 234 1.5 1.5 2 0 0 0 0 0.982
Car -1 -1 -10 756 185 852 261 1.5 1.5 2 0 0 0 0 0.977
Car -1 -1 -10 317 189 353 203 1.5 1.5 2 0 0 0 0 0.916
Car -1 -1 -10 459 183 537 235 1.5 1.5 2 0 0 0 0 0.895
Car -1 -1 -10 501 180 563 220 1.5 1.5 2 0 0 0 0 0.887
Car -1 -1 -10 561 179 609 213 1.5 1.5 2 0 0 0 0 0.829
Car -1 -1 -10 658 178 696 200 1.5 1.5 2 0 0 0 0 0.773
Car -1 -1 -10 796 169 830 185 1.5 1.5 2 0 0 0 0 0.674
Car -1 -1 -10 373 188 397 202 1.5 1.5 2 0 0 0 0 0.653
Car -1 -1 -10 835 171 855 189 1.5 1.5 2 0 0 0 0 0.613
Car -1 -1 -10 743 169 779 183 1.5 1.5 2 0 0 0 0 0.553
