Car -1 -1 -10 443 188 581 260 1.5 1.5 2 0 0 0 0 0.997
Car -1 -1 -10 591 157 939 339 1.5 1.5 2 0 0 0 0 0.989
Car -1 -1 -10 0 212 52 344 1.5 1.5 2 0 0 0 0 0.975
Car -1 -1 -10 347 184 407 218 1.5 1.5 2 0 0 0 0 0.975
Car -1 -1 -10 1002 167 1168 235 1.5 1.5 2 0 0 0 0 0.972
Car -1 -1 -10 920 165 984 221 1.5 1.5 2 0 0 0 0 0.919
Car -1 -1 -10 531 170 621 212 1.5 1.5 2 0 0 0 0 0.901
Car -1 -1 -10 8 201 100 291 1.5 1.5 2 0 0 0 0 0.898
Car -1 -1 -10 151 186 215 214 1.5 1.5 2 0 0 0 0 0.894
Car -1 -1 -10 319 180 343 198 1.5 1.5 2 0 0 0 0 0.810
Car -1 -1 -10 231 185 251 193 1.5 1.5 2 0 0 0 0 0.777
Car -1 -1 -10 238 184 260 194 1.5 1.5 2 0 0 0 0 0.731
Car -1 -1 -10 189 186 217 204 1.5 1.5 2 0 0 0 0 0.670
Car -1 -1 -10 340 186 366 206 1.5 1.5 2 0 0 0 0 0.584
Car -1 -1 -10 1086 149 1236 199 1.5 1.5 2 0 0 0 0 0.567
