Car -1 -1 -10 851 188 1249 372 1.5 1.5 2 0 0 0 0 0.996
Car -1 -1 -10 750 187 914 281 1.5 1.5 2 0 0 0 0 0.993
Car -1 -1 -10 213 199 399 295 1.5 1.5 2 0 0 0 0 0.993
Car -1 -1 -10 380 186 458 256 1.5 1.5 2 0 0 0 0 0.989
Car -1 -1 -10 722 180 792 244 1.5 1.5 2 0 0 0 0 0.986
Car -1 -1 -10 492 181 544 211 1.5 1.5 2 0 0 0 0 0.978
Car -1 -1 -10 1 212 243 374 1.5 1.5 2 0 0 0 0 0.972
Car -1 -1 -10 1127 177 1241 249 1.5 1.5 2 0 0 0 0 0.782
Car -1 -1 -10 703 181 757 231 1.5 1.5 2 0 0 0 0 0.768
Car -1 -1 -10 691 180 723 218 1.5 1.5 2 0 0 0 0 0.719
