Car -1 -1 -10 738 184 1236 380 1.5 1.5 2 0 0 0 0 0.999
Car -1 -1 -10 646 170 784 276 1.5 1.5 2 0 0 0 0 0.997
Car -1 -1 -10 343 187 399 243 1.5 1.5 2 0 0 0 0 0.987
Car -1 -1 -10 4 199 246 359 1.5 1.5 2 0 0 0 0 0.980
Car -1 -1 -10 608 178 672 242 1.5 1.5 2 0 0 0 0 0.936
Car -1 -1 -10 222 182 346 282 1.5 1.5 2 0 0 0 0 0.837
Car -1 -1 -10 284 192 377 254 1.5 1.5 2 0 0 0 0 0.740
Car -1 -1 -10 391 181 443 211 1.5 1.5 2 0 0 0 0 0.706
Car -1 -1 -10 508 166 565 204 1.5 1.5 2 0 0 0 0 0.532
Car -1 -1 -10 553 180 612 218 1.5 1.5 2 0 0 0 0 0.514
