Car -1 -1 -10 964 164 1098 238 1.5 1.5 2 0 0 0 0 0.997
Car -1 -1 -10 894 168 992 226 1.5 1.5 2 0 0 0 0 0.987
Car -1 -1 -10 441 178 525 234 1.5 1.5 2 0 0 0 0 0.986
Car -1 -1 -10 685 182 789 248 1.5 1.5 2 0 0 0 0 0.980
Car -1 -1 -10 224 186 438 328 1.5 1.5 2 0 0 0 0 0.978
Car -1 -1 -10 522 176 569 206 1.5 1.5 2 0 0 0 0 0.961
Car -1 -1 -10 1 224 245 368 1.5 1.5 2 0 0 0 0 0.960
Car -1 -1 -10 1110 155 1238 243 1.5 1.5 2 0 0 0 0 0.958
Car -1 -1 -10 854 167 930 221 1.5 1.5 2 0 0 0 0 0.892
Car -1 -1 -10 825 170 883 214 1.5 1.5 2 0 0 0 0 0.851
