Car -1 -1 -10 710 194 818 264 1.5 1.5 2 0 0 0 0 0.991
Car -1 -1 -10 776 182 930 240 1.5 1.5 2 0 0 0 0 0.989
Car -1 -1 -10 85 190 345 296 1.5 1.5 2 0 0 0 0 0.989
Car -1 -1 -10 -100 198 135 354 1.5 1.5 2 0 0 0 0 0.985
Car -1 -1 -10 225 185 401 267 1.5 1.5 2 0 0 0 0 0.953
Car -1 -1 -10 696 178 752 208 1.5 1.5 2 0 0 0 0 0.817
Car -1 -1 -10 300 178 450 240 1.5 1.5 2 0 0 0 0 0.779
Car -1 -1 -10 487 180 543 206 1.5 1.5 2 0 0 0 0 0.608
Car -1 -1 -10 633 178 665 202 1.5 1.5 2 0 0 0 0 0.598
Car -1 -1 -10 406 176 494 220 1.5 1.5 2 0 0 0 0 0.532
