Car -1 -1 -10 798 181 1176 369 1.5 1.5 2 0 0 0 0 0.999
Car -1 -1 -10 747 190 857 278 1.5 1.5 2 0 0 0 0 0.989
Car -1 -1 -10 305 186 491 292 1.5 1.5 2 0 0 0 0 0.988
Car -1 -1 -10 1100 159 1236 257 1.5 1.5 2 0 0 0 0 0.966
Car -1 -1 -10 513 181 573 221 1.5 1.5 2 0 0 0 0 0.952
Car -1 -1 -10 129 212 149 222 1.5 1.5 2 0 0 0 0 0.607
Car -1 -1 -10 181 211 201 221 1.5 1.5 2 0 0 0 0 0.587
Car -1 -1 -10 202 210 238 220 1.5 1.5 2 0 0 0 0 0.567
Car -1 -1 -10 432 169 540 255 1.5 1.5 2 0 0 0 0 0.559
Car -1 -1 -10 725 173 765 191 1.5 1.5 2 0 0 0 0 0.558
