Car -1 -1 -10 12 183 290 343 1.5 1.5 2 0 0 0 0 0.997
Car -1 -1 -10 583 185 641 227 1.5 1.5 2 0 0 0 0 0.995
Car -1 -1 -10 224 180 404 284 1.5 1.5 2 0 0 0 0 0.995
Car -1 -1 -10 381 180 503 244 1.5 1.5 2 0 0 0 0 0.981
Car -1 -1 -10 885 174 993 246 1.5 1.5 2 0 0 0 0 0.785
Car -1 -1 -10 -2 193 104 279 1.5 1.5 2 0 0 0 0 0.716
Car -1 -1 -10 888 165 1246 373 1.5 1.5 2 0 0 0 0 0.694
Car -1 -1 -10 535 176 574 202 1.5 1.5 2 0 0 0 0 0.680
Car -1 -1 -10 635 174 661 196 1.5 1.5 2 0 0 0 0 0.669
Car -1 -1 -10 450 183 510 231 1.5 1.5 2 0 0 0 0 0.659
