Car -1 -1 -10 118 181 284 267 1.5 1.5 2 0 0 0 0 0.997
Car -1 -1 -10 710 191 834 273 1.5 1.5 2 0 0 0 0 0.993
Car -1 -1 -10 279 190 449 290 1.5 1.5 2 0 0 0 0 0.993
Car -1 -1 -10 443 180 517 232 1.5 1.5 2 0 0 0 0 0.979
Car -1 -1 -10 659 181 717 223 1.5 1.5 2 0 0 0 0 0.922
Car -1 -1 -10 631 180 661 202 1.5 1.5 2 0 0 0 0 0.912
Car -1 -1 -10 534 180 554 198 1.5 1.5 2 0 0 0 0 0.912
Car -1 -1 -10 579 179 615 201 1.5 1.5 2 0 0 0 0 0.852
Car -1 -1 -10 616 178 650 200 1.5 1.5 2 0 0 0 0 0.667
Car -1 -1 -10 477 180 531 216 1.5 1.5 2 0 0 0 0 0.628
Car -1 -1 -10 500 181 539 207 1.5 1.5 2 0 0 0 0 0.519
