Car -1 -1 -10 762 167 964 237 1.5 1.5 2 0 0 0 0 0.999
Car -1 -1 -10 429 183 487 227 1.5 1.5 2 0 0 0 0 0.996
Car -1 -1 -10 1069 149 1201 185 1.5 1.5 2 0 0 0 0 0.982
Car -1 -1 -10 520 175 566 213 1.5 1.5 2 0 0 0 0 0.972
Car -1 -1 -10 474 180 524 212 1.5 1.5 2 0 0 0 0 0.965
Car -1 -1 -10 762 155 852 195 1.5 1.5 2 0 0 0 0 0.939
Car -1 -1 -10 460 182 511 216 1.5 1.5 2 0 0 0 0 0.884
Car -1 -1 -10 597 178 627 198 1.5 1.5 2 0 0 0 0 0.865
Car -1 -1 -10 644 173 682 197 1.5 1.5 2 0 0 0 0 0.783
Car -1 -1 -10 618 177 638 193 1.5 1.5 2 0 0 0 0 0.673
Car -1 -1 -10 1004 151 1072 181 1.5 1.5 2 0 0 0 0 0.527
