Car -1 -1 -10 814 184 1258 370 1.5 1.5 2 0 0 0 0 0.996
Car -1 -1 -10 757 194 909 286 1.5 1.5 2 0 0 0 0 0.996
Car -1 -1 -10 500 178 566 222 1.5 1.5 2 0 0 0 0 0.983
Car -1 -1 -10 243 186 471 314 1.5 1.5 2 0 0 0 0 0.973
Car -1 -1 -10 413 161 531 257 1.5 1.5 2 0 0 0 0 0.770
Car -1 -1 -10 780 157 944 203 1.5 1.5 2 0 0 0 0 0.700
Car -1 -1 -10 45 215 103 231 1.5 1.5 2 0 0 0 0 0.690
Car -1 -1 -10 458 178 544 234 1.5 1.5 2 0 0 0 0 0.676
Car -1 -1 -10 896 164 1014 202 1.5 1.5 2 0 0 0 0 0.613
Car -1 -1 -10 1063 159 1209 189 1.5 1.5 2 0 0 0 0 0.562
Car -1 -1 -10 156 208 190 218 1.5 1.5 2 0 0 0 0 0.505
