Car -1 -1 -10 390 191 570 283 1.5 1.5 2 0 0 0 0 0.999
Car -1 -1 -10 -6 195 194 269 1.5 1.5 2 0 0 0 0 0.958
Car -1 -1 -10 364 185 438 217 1.5 1.5 2 0 0 0 0 0.955
Car -1 -1 -10 1201 155 1237 171 1.5 1.5 2 0 0 0 0 0.921
Car -1 -1 -10 1170 156 1202 174 1.5 1.5 2 0 0 0 0 0.872
Car -1 -1 -10 647 167 685 201 1.5 1.5 2 0 0 0 0 0.846
Car -1 -1 -10 663 170 691 196 1.5 1.5 2 0 0 0 0 0.779
Car -1 -1 -10 1039 159 1079 177 1.5 1.5 2 0 0 0 0 0.698
Car -1 -1 -10 718 163 756 197 1.5 1.5 2 0 0 0 0 0.696
Car -1 -1 -10 1136 158 1172 174 1.5 1.5 2 0 0 0 0 0.683
Car -1 -1 -10 1104 158 1140 176 1.5 1.5 2 0 0 0 0 0.609
Car -1 -1 -10 295 191 317 205 1.5 1.5 2 0 0 0 0 0.552
