Car -1 -1 -10 43 176 367 340 1.5 1.5 2 0 0 0 0 0.997
Car -1 -1 -10 589 179 661 233 1.5 1.5 2 0 0 0 0 0.996
Car -1 -1 -10 811 197 1029 317 1.5 1.5 2 0 0 0 0 0.996
Car -1 -1 -10 -6 202 140 376 1.5 1.5 2 0 0 0 0 0.992
Car -1 -1 -10 346 178 494 252 1.5 1.5 2 0 0 0 0 0.983
Car -1 -1 -10 479 175 553 217 1.5 1.5 2 0 0 0 0 0.969
Car -1 -1 -10 740 176 850 250 1.5 1.5 2 0 0 0 0 0.937
Car -1 -1 -10 27 168 193 228 1.5 1.5 2 0 0 0 0 0.891
Car -1 -1 -10 684 173 738 209 1.5 1.5 2 0 0 0 0 0.808
Car -1 -1 -10 584 168 604 184 1.5 1.5 2 0 0 0 0 0.658
