Car -1 -1 -10 -82 240 125 378 1.5 1.5 2 0 0 0 0 0.998
Car -1 -1 -10 72 216 240 336 1.5 1.5 2 0 0 0 0 0.988
Car -1 -1 -10 519 189 585 227 1.5 1.5 2 0 0 0 0 0.987
Car -1 -1 -10 630 199 812 291 1.5 1.5 2 0 0 0 0 0.983
Car -1 -1 -10 863 138 1243 376 1.5 1.5 2 0 0 0 0 0.945
Car -1 -1 -10 439 190 457 198 1.5 1.5 2 0 0 0 0 0.888
Car -1 -1 -10 349 190 397 222 1.5 1.5 2 0 0 0 0 0.876
Car -1 -1 -10 508 185 528 201 1.5 1.5 2 0 0 0 0 0.864
Car -1 -1 -10 726 171 822 217 1.5 1.5 2 0 0 0 0 0.831
Car -1 -1 -10 404 190 422 204 1.5 1.5 2 0 0 0 0 0.803
Car -1 -1 -10 393 192 415 210 1.5 1.5 2 0 0 0 0 0.699
Car -1 -1 -10 461 188 473 194 1.5 1.5 2 0 0 0 0 0.515
