Car -1 -1 -10 799 185 1049 329 1.5 1.5 2 0 0 0 0 0.996
Car -1 -1 -10 622 170 698 216 1.5 1.5 2 0 0 0 0 0.994
Car -1 -1 -10 764 174 854 260 1.5 1.5 2 0 0 0 0 0.991
Car -1 -1 -10 406 178 532 256 1.5 1.5 2 0 0 0 0 0.975
Car -1 -1 -10 696 169 726 195 1.5 1.5 2 0 0 0 0 0.965
Car -1 -1 -10 727 165 757 187 1.5 1.5 2 0 0 0 0 0.884
Car -1 -1 -10 821 165 855 183 1.5 1.5 2 0 0 0 0 0.821
Car -1 -1 -10 917 152 1003 194 1.5 1.5 2 0 0 0 0 0.764
Car -1 -1 -10 1000 153 1050 193 1.5 1.5 2 0 0 0 0 0.702
Car -1 -1 -10 729 157 781 191 1.5 1.5 2 0 0 0 0 0.657
Car -1 -1 -10 890 156 926 178 1.5 1.5 2 0 0 0 0 0.550
Car -1 -1 -10 68 159 368 355 1.5 1.5 2 0 0 0 0 0.550
