Car -1 -1 -10 797 202 1045 326 1.5 1.5 2 0 0 0 0 0.999
Car -1 -1 -10 1069 179 1239 241 1.5 1.5 2 0 0 0 0 0.995
Car -1 -1 -10 746 191 862 269 1.5 1.5 2 0 0 0 0 0.993
Car -1 -1 -10 601 190 627 202 1.5 1.5 2 0 0 0 0 0.968
Car -1 -1 -10 459 190 531 236 1.5 1.5 2 0 0 0 0 0.963
Car -1 -1 -10 694 186 728 206 1.5 1.5 2 0 0 0 0 0.870
Car -1 -1 -10 637 187 651 195 1.5 1.5 2 0 0 0 0 0.816
Car -1 -1 -10 527 190 572 220 1.5 1.5 2 0 0 0 0 0.663
Car -1 -1 -10 511 192 545 224 1.5 1.5 2 0 0 0 0 0.572
Car -1 -1 -10 536 193 564 223 1.5 1.5 2 0 0 0 0 0.552
