Car -1 -1 -10 4 197 162 269 1.5 1.5 2 0 0 0 0 0.992
Car -1 -1 -10 1201 155 1237 171 1.5 1.5 2 0 0 0 0 0.917
Car -1 -1 -10 303 183 409 227 1.5 1.5 2 0 0 0 0 0.902
Car -1 -1 -10 734 168 756 186 1.5 1.5 2 0 0 0 0 0.880
Car -1 -1 -10 1171 156 1201 174 1.5 1.5 2 0 0 0 0 0.870
Car -1 -1 -10 701 171 739 201 1.5 1.5 2 0 0 0 0 0.793
Car -1 -1 -10 1040 160 1078 176 1.5 1.5 2 0 0 0 0 0.734
Car -1 -1 -10 1136 158 1172 174 1.5 1.5 2 0 0 0 0 0.723
Car -1 -1 -10 456 172 512 208 1.5 1.5 2 0 0 0 0 0.692
Car -1 -1 -10 1103 158 1141 176 1.5 1.5 2 0 0 0 0 0.665
Car -1 -1 -10 523 170 559 194 1.5 1.5 2 0 0 0 0 0.651
