Car -1 -1 -10 749 183 1043 349 1.5 1.5 2 0 0 0 0 0.999
Car -1 -1 -10 394 186 478 244 1.5 1.5 2 0 0 0 0 0.987
Car -1 -1 -10 143 185 387 325 1.5 1.5 2 0 0 0 0 0.976
Car -1 -1 -10 620 183 642 201 1.5 1.5 2 0 0 0 0 0.949
Car -1 -1 -10 462 184 512 228 1.5 1.5 2 0 0 0 0 0.936
Car -1 -1 -10 1 212 69 312 1.5 1.5 2 0 0 0 0 0.895
Car -1 -1 -10 571 185 617 217 1.5 1.5 2 0 0 0 0 0.895
Car -1 -1 -10 515 182 537 204 1.5 1.5 2 0 0 0 0 0.876
Car -1 -1 -10 71 167 229 267 1.5 1.5 2 0 0 0 0 0.772
Car -1 -1 -10 505 184 525 206 1.5 1.5 2 0 0 0 0 0.735
Car -1 -1 -10 384 186 418 212 1.5 1.5 2 0 0 0 0 0.504
