Car -1 -1 -10 865 222 1239 366 1.5 1.5 2 0 0 0 0 0.996
Car -1 -1 -10 734 189 944 333 1.5 1.5 2 0 0 0 0 0.995
Car -1 -1 -10 1 227 325 367 1.5 1.5 2 0 0 0 0 0.989
Car -1 -1 -10 412 199 480 267 1.5 1.5 2 0 0 0 0 0.976
Car -1 -1 -10 300 218 454 326 1.5 1.5 2 0 0 0 0 0.962
Car -1 -1 -10 466 195 524 251 1.5 1.5 2 0 0 0 0 0.961
Car -1 -1 -10 709 187 819 267 1.5 1.5 2 0 0 0 0 0.843
Car -1 -1 -10 685 189 741 241 1.5 1.5 2 0 0 0 0 0.830
Car -1 -1 -10 646 190 680 214 1.5 1.5 2 0 0 0 0 0.703
Car -1 -1 -10 602 192 626 210 1.5 1.5 2 0 0 0 0 0.589
