Car -1 -1 -10 794 190 1048 332 1.5 1.5 2 0 0 0 0 0.996
Car -1 -1 -10 433 185 499 225 1.5 1.5 2 0 0 0 0 0.989
Car -1 -1 -10 738 180 842 256 1.5 1.5 2 0 0 0 0 0.986
Car -1 -1 -10 922 215 1244 369 1.5 1.5 2 0 0 0 0 0.977
Car -1 -1 -10 14 201 346 357 1.5 1.5 2 0 0 0 0 0.953
Car -1 -1 -10 474 182 525 216 1.5 1.5 2 0 0 0 0 0.931
Car -1 -1 -10 595 177 627 191 1.5 1.5 2 0 0 0 0 0.925
Car -1 -1 -10 0 189 86 209 1.5 1.5 2 0 0 0 0 0.918
Car -1 -1 -10 709 178 773 234 1.5 1.5 2 0 0 0 0 0.909
Car -1 -1 -10 -154 236 56 376 1.5 1.5 2 0 0 0 0 0.813
Car -1 -1 -10 1036 177 1144 221 1.5 1.5 2 0 0 0 0 0.779
Car -1 -1 -10 705 179 772 223 1.5 1.5 2 0 0 0 0 0.684
Car -1 -1 -10 668 174 696 188 1.5 1.5 2 0 0 0 0 0.587
