Car -1 -1 -10 809 179 1005 251 1.5 1.5 2 0 0 0 0 0.994
Car -1 -1 -10 24 185 302 333 1.5 1.5 2 0 0 0 0 0.994
Car -1 -1 -10 6 218 180 364 1.5 1.5 2 0 0 0 0 0.987
Car -1 -1 -10 151 182 335 276 1.5 1.5 2 0 0 0 0 0.980
Car -1 -1 -10 742 195 906 303 1.5 1.5 2 0 0 0 0 0.973
Car -1 -1 -10 264 187 406 263 1.5 1.5 2 0 0 0 0 0.876
Car -1 -1 -10 706 176 774 216 1.5 1.5 2 0 0 0 0 0.868
Car -1 -1 -10 736 180 820 216 1.5 1.5 2 0 0 0 0 0.766
Car -1 -1 -10 469 179 531 207 1.5 1.5 2 0 0 0 0 0.722
Car -1 -1 -10 346 176 470 230 1.5 1.5 2 0 0 0 0 0.648
Car -1 -1 -10 628 177 670 203 1.5 1.5 2 0 0 0 0 0.605
