Car -1 -1 -10 608 172 662 208 1.5 1.5 2 0 0 0 0 0.953
Car -1 -1 -10 1202 155 1236 171 1.5 1.5 2 0 0 0 0 0.910
Car -1 -1 -10 1170 156 1202 174 1.5 1.5 2 0 0 0 0 0.845
Car -1 -1 -10 146 190 318 240 1.5 1.5 2 0 0 0 0 0.828
Car -1 -1 -10 1039 159 1079 177 1.5 1.5 2 0 0 0 0 0.767
Car -1 -1 -10 685 174 697 186 1.5 1.5 2 0 0 0 0 0.733
Car -1 -1 -10 737 169 755 189 1.5 1.5 2 0 0 0 0 0.711
Car -1 -1 -10 700 164 746 202 1.5 1.5 2 0 0 0 0 0.672
Car -1 -1 -10 -3 280 149 374 1.5 1.5 2 0 0 0 0 0.671
Car -1 -1 -10 1136 158 1172 174 1.5 1.5 2 0 0 0 0 0.610
Car -1 -1 -10 670 175 684 187 1.5 1.5 2 0 0 0 0 0.592
Car -1 -1 -10 1103 159 1139 175 1.5 1.5 2 0 0 0 0 0.555
