Car -1 -1 -10 780 169 970 239 1.5 1.5 2 0 0 0 0 0.992
Car -1 -1 -10 956 177 1084 217 1.5 1.5 2 0 0 0 0 0.989
Car -1 -1 -10 524 178 738 370 1.5 1.5 2 0 0 0 0 0.973
Car -1 -1 -10 0 199 58 255 1.5 1.5 2 0 0 0 0 0.970
Car -1 -1 -10 9 195 135 241 1.5 1.5 2 0 0 0 0 0.958
Car -1 -1 -10 1153 168 1243 210 1.5 1.5 2 0 0 0 0 0.908
Car -1 -1 -10 335 189 365 207 1.5 1.5 2 0 0 0 0 0.881
Car -1 -1 -10 380 181 414 203 1.5 1.5 2 0 0 0 0 0.841
Car -1 -1 -10 418 181 458 201 1.5 1.5 2 0 0 0 0 0.830
Car -1 -1 -10 458 178 474 190 1.5 1.5 2 0 0 0 0 0.577
