Car -1 -1 -10 1083 191 1341 363 1.5 1.5 2 0 0 0 0 0.997
Car -1 -1 -10 899 183 1169 321 1.5 1.5 2 0 0 0 0 0.997
Car -1 -1 -10 802 185 998 281 1.5 1.5 2 0 0 0 0 0.996
Car -1 -1 -10 630 181 688 221 1.5 1.5 2 0 0 0 0 0.988
Car -1 -1 -10 3 168 183 348 1.5 1.5 2 0 0 0 0 0.979
Car -1 -1 -10 308 183 430 207 1.5 1.5 2 0 0 0 0 0.901
Car -1 -1 -10 386 184 450 212 1.5 1.5 2 0 0 0 0 0.762
Car -1 -1 -10 504 177 526 193 1.5 1.5 2 0 0 0 0 0.730
Car -1 -1 -10 538 175 556 187 1.5 1.5 2 0 0 0 0 0.699
Car -1 -1 -10 472 179 507 201 1.5 1.5 2 0 0 0 0 0.631
Car -1 -1 -10 21 145 273 281 1.5 1.5 2 0 0 0 0 0.625
Car -1 -1 -10 556 175 568 183 1.5 1.5 2 0 0 0 0 0.603
Car -1 -1 -10 615 176 643 194 1.5 1.5 2 0 0 0 0 0.602
Car -1 -1 -10 575 171 587 179 1.5 1.5 2 0 0 0 0 0.553
Car -1 -1 -10 521 177 537 189 1.5 1.5 2 0 0 0 0 0.505
