Car -1 -1 -10 678 167 732 211 1.5 1.5 2 0 0 0 0 0.912
Car -1 -1 -10 1202 155 1236 171 1.5 1.5 2 0 0 0 0 0.908
Car -1 -1 -10 -89 237 85 353 1.5 1.5 2 0 0 0 0 0.893
Car -1 -1 -10 721 171 739 185 1.5 1.5 2 0 0 0 0 0.875
Car -1 -1 -10 446 182 496 208 1.5 1.5 2 0 0 0 0 0.861
Car -1 -1 -10 1170 156 1202 174 1.5 1.5 2 0 0 0 0 0.837
Car -1 -1 -10 1039 161 1079 177 1.5 1.5 2 0 0 0 0 0.726
Car -1 -1 -10 82 163 492 357 1.5 1.5 2 0 0 0 0 0.725
Car -1 -1 -10 1136 158 1172 174 1.5 1.5 2 0 0 0 0 0.621
Car -1 -1 -10 1104 159 1140 175 1.5 1.5 2 0 0 0 0 0.516
