Car -1 -1 -10 716 171 746 199 1.5 1.5 2 0 0 0 0 0.946
Car -1 -1 -10 1202 155 1236 171 1.5 1.5 2 0 0 0 0 0.908
Car -1 -1 -10 229 188 353 232 1.5 1.5 2 0 0 0 0 0.882
Car -1 -1 -10 1170 156 1202 174 1.5 1.5 2 0 0 0 0 0.877
Car -1 -1 -10 1039 159 1079 177 1.5 1.5 2 0 0 0 0 0.774
Car -1 -1 -10 1136 157 1172 173 1.5 1.5 2 0 0 0 0 0.648
Car -1 -1 -10 504 167 554 201 1.5 1.5 2 0 0 0 0 0.625
Car -1 -1 -10 -1 203 17 261 1.5 1.5 2 0 0 0 0 0.618
Car -1 -1 -10 731 168 753 188 1.5 1.5 2 0 0 0 0 0.593
Car -1 -1 -10 424 173 486 213 1.5 1.5 2 0 0 0 0 0.553
Car -1 -1 -10 1103 159 1139 175 1.5 1.5 2 0 0 0 0 0.538
