Car -1 -1 -10 667 187 763 259 1.5 1.5 2 0 0 0 0 0.998
Car -1 -1 -10 56 217 450 375 1.5 1.5 2 0 0 0 0 0.997
Car -1 -1 -10 543 185 593 225 1.5 1.5 2 0 0 0 0 0.975
Car -1 -1 -10 57 188 251 260 1.5 1.5 2 0 0 0 0 0.958
Car -1 -1 -10 644 185 717 233 1.5 1.5 2 0 0 0 0 0.947
Car -1 -1 -10 358 183 464 249 1.5 1.5 2 0 0 0 0 0.884
Car -1 -1 -10 239 186 301 208 1.5 1.5 2 0 0 0 0 0.854
Car -1 -1 -10 457 182 513 216 1.5 1.5 2 0 0 0 0 0.823
Car -1 -1 -10 503 181 531 207 1.5 1.5 2 0 0 0 0 0.578
Car -1 -1 -10 44 188 130 242 1.5 1.5 2 0 0 0 0 0.562
Car -1 -1 -10 286 185 328 205 1.5 1.5 2 0 0 0 0 0.527
Car -1 -1 -10 614 188 644 214 1.5 1.5 2 0 0 0 0 0.513
