Car -1 -1 -10 762 199 1050 353 1.5 1.5 2 0 0 0 0 0.998
Car -1 -1 -10 422 191 524 263 1.5 1.5 2 0 0 0 0 0.997
Car -1 -1 -10 706 185 828 277 1.5 1.5 2 0 0 0 0 0.980
Car -1 -1 -10 506 180 558 222 1.5 1.5 2 0 0 0 0 0.976
Car -1 -1 -10 933 230 1227 370 1.5 1.5 2 0 0 0 0 0.975
Car -1 -1 -10 641 176 679 206 1.5 1.5 2 0 0 0 0 0.931
Car -1 -1 -10 2 269 238 387 1.5 1.5 2 0 0 0 0 0.910
Car -1 -1 -10 623 175 637 187 1.5 1.5 2 0 0 0 0 0.862
Car -1 -1 -10 687 170 783 248 1.5 1.5 2 0 0 0 0 0.789
Car -1 -1 -10 567 182 585 194 1.5 1.5 2 0 0 0 0 0.762
Car -1 -1 -10 570 179 586 189 1.5 1.5 2 0 0 0 0 0.589
Car -1 -1 -10 559 184 575 196 1.5 1.5 2 0 0 0 0 0.553
