Car -1 -1 -10 693 169 797 203 1.5 1.5 2 0 0 0 0 0.983
Car -1 -1 -10 1035 149 1169 185 1.5 1.5 2 0 0 0 0 0.944
Car -1 -1 -10 587 178 605 190 1.5 1.5 2 0 0 0 0 0.906
Car -1 -1 -10 511 182 543 206 1.5 1.5 2 0 0 0 0 0.885
Car -1 -1 -10 540 183 554 197 1.5 1.5 2 0 0 0 0 0.826
Car -1 -1 -10 646 175 670 191 1.5 1.5 2 0 0 0 0 0.821
Car -1 -1 -10 1151 146 1243 186 1.5 1.5 2 0 0 0 0 0.769
Car -1 -1 -10 620 178 638 190 1.5 1.5 2 0 0 0 0 0.756
Car -1 -1 -10 573 178 587 190 1.5 1.5 2 0 0 0 0 0.586
Car -1 -1 -10 559 181 571 189 1.5 1.5 2 0 0 0 0 0.582
Car -1 -1 -10 636 174 658 188 1.5 1.5 2 0 0 0 0 0.544
Car -1 -1 -10 904 157 974 177 1.5 1.5 2 0 0 0 0 0.503
