Car -1 -1 -10 361 183 429 217 1.5 1.5 2 0 0 0 0 0.988
Car -1 -1 -10 574 170 682 238 1.5 1.5 2 0 0 0 0 0.985
Car -1 -1 -10 729 172 751 186 1.5 1.5 2 0 0 0 0 0.933
Car -1 -1 -10 488 181 530 203 1.5 1.5 2 0 0 0 0 0.920
Car -1 -1 -10 -76 196 38 272 1.5 1.5 2 0 0 0 0 0.903
Car -1 -1 -10 1201 155 1237 171 1.5 1.5 2 0 0 0 0 0.902
Car -1 -1 -10 699 173 719 187 1.5 1.5 2 0 0 0 0 0.878
Car -1 -1 -10 1170 156 1202 174 1.5 1.5 2 0 0 0 0 0.838
Car -1 -1 -10 535 180 563 196 1.5 1.5 2 0 0 0 0 0.777
Car -1 -1 -10 671 177 687 189 1.5 1.5 2 0 0 0 0 0.752
Car -1 -1 -10 1039 160 1079 176 1.5 1.5 2 0 0 0 0 0.717
Car -1 -1 -10 1136 158 1172 174 1.5 1.5 2 0 0 0 0 0.625
Car -1 -1 -10 689 174 707 188 1.5 1.5 2 0 0 0 0 0.593
Car -1 -1 -10 295 192 317 206 1.5 1.5 2 0 0 0 0 0.549
Car -1 -1 -10 1104 159 1140 175 1.5 1.5 2 0 0 0 0 0.518
