Car -1 -1 -10 142 189 278 245 1.5 1.5 2 0 0 0 0 0.991
Car -1 -1 -10 378 180 526 246 1.5 1.5 2 0 0 0 0 0.969
Car -1 -1 -10 1201 155 1237 171 1.5 1.5 2 0 0 0 0 0.918
Car -1 -1 -10 687 172 711 190 1.5 1.5 2 0 0 0 0 0.911
Car -1 -1 -10 1170 157 1202 175 1.5 1.5 2 0 0 0 0 0.837
Car -1 -1 -10 1103 158 1141 176 1.5 1.5 2 0 0 0 0 0.730
Car -1 -1 -10 1039 159 1079 177 1.5 1.5 2 0 0 0 0 0.726
Car -1 -1 -10 1137 158 1173 174 1.5 1.5 2 0 0 0 0 0.722
Car -1 -1 -10 663 174 687 196 1.5 1.5 2 0 0 0 0 0.700
Car -1 -1 -10 482 174 506 192 1.5 1.5 2 0 0 0 0 0.585
