Car -1 -1 -10 49 189 245 263 1.5 1.5 2 0 0 0 0 0.999
Car -1 -1 -10 1065 170 1366 370 1.5 1.5 2 0 0 0 0 0.978
Car -1 -1 -10 718 172 826 222 1.5 1.5 2 0 0 0 0 0.968
Car -1 -1 -10 242 176 328 214 1.5 1.5 2 0 0 0 0 0.958
Car -1 -1 -10 575 185 745 333 1.5 1.5 2 0 0 0 0 0.943
Car -1 -1 -10 571 175 591 189 1.5 1.5 2 0 0 0 0 0.918
Car -1 -1 -10 352 182 416 214 1.5 1.5 2 0 0 0 0 0.915
Car -1 -1 -10 520 175 546 191 1.5 1.5 2 0 0 0 0 0.724
Car -1 -1 -10 419 180 453 206 1.5 1.5 2 0 0 0 0 0.718
Car -1 -1 -10 462 175 496 195 1.5 1.5 2 0 0 0 0 0.712
