Car -1 -1 -10 582 177 656 233 1.5 1.5 2 0 0 0 0 0.997
Car -1 -1 -10 259 169 441 259 1.5 1.5 2 0 0 0 0 0.997
Car -1 -1 -10 705 181 769 231 1.5 1.5 2 0 0 0 0 0.975
Car -1 -1 -10 0 163 60 259 1.5 1.5 2 0 0 0 0 0.971
Car -1 -1 -10 418 169 480 243 1.5 1.5 2 0 0 0 0 0.957
Car -1 -1 -10 678 169 738 211 1.5 1.5 2 0 0 0 0 0.949
Car -1 -1 -10 483 175 543 215 1.5 1.5 2 0 0 0 0 0.915
Car -1 -1 -10 245 167 319 201 1.5 1.5 2 0 0 0 0 0.882
Car -1 -1 -10 93 156 245 230 1.5 1.5 2 0 0 0 0 0.731
Car -1 -1 -10 450 176 512 224 1.5 1.5 2 0 0 0 0 0.703
