Car -1 -1 -10 -1 206 285 378 1.5 1.5 2 0 0 0 0 0.992
Car -1 -1 -10 271 192 409 294 1.5 1.5 2 0 0 0 0 0.988
Car -1 -1 -10 723 182 796 230 1.5 1.5 2 0 0 0 0 0.973
Car -1 -1 -10 698 177 746 209 1.5 1.5 2 0 0 0 0 0.936
Car -1 -1 -10 527 182 571 206 1.5 1.5 2 0 0 0 0 0.925
Car -1 -1 -10 596 177 622 191 1.5 1.5 2 0 0 0 0 0.876
Car -1 -1 -10 566 179 590 199 1.5 1.5 2 0 0 0 0 0.837
Car -1 -1 -10 749 175 869 257 1.5 1.5 2 0 0 0 0 0.818
Car -1 -1 -10 689 182 723 204 1.5 1.5 2 0 0 0 0 0.712
Car -1 -1 -10 620 174 642 186 1.5 1.5 2 0 0 0 0 0.671
