Car -1 -1 -10 830 194 950 272 1.5 1.5 2 0 0 0 0 0.997
Car -1 -1 -10 895 195 1019 301 1.5 1.5 2 0 0 0 0 0.985
Car -1 -1 -10 1 198 175 336 1.5 1.5 2 0 0 0 0 0.984
Car -1 -1 -10 730 184 818 236 1.5 1.5 2 0 0 0 0 0.970
Car -1 -1 -10 967 187 1235 339 1.5 1.5 2 0 0 0 0 0.966
Car -1 -1 -10 -60 256 112 370 1.5 1.5 2 0 0 0 0 0.965
Car -1 -1 -10 412 185 510 229 1.5 1.5 2 0 0 0 0 0.934
Car -1 -1 -10 951 257 1245 371 1.5 1.5 2 0 0 0 0 0.930
Car -1 -1 -10 120 199 302 291 1.5 1.5 2 0 0 0 0 0.927
Car -1 -1 -10 200 191 348 263 1.5 1.5 2 0 0 0 0 0.925
Car -1 -1 -10 271 174 425 248 1.5 1.5 2 0 0 0 0 0.798
Car -1 -1 -10 770 181 886 249 1.5 1.5 2 0 0 0 0 0.699
Car -1 -1 -10 625 183 673 215 1.5 1.5 2 0 0 0 0 0.688
