Car -1 -1 -10 643 166 713 220 1.5 1.5 2 0 0 0 0 0.989
Car -1 -1 -10 310 185 398 227 1.5 1.5 2 0 0 0 0 0.968
Car -1 -1 -10 727 172 749 186 1.5 1.5 2 0 0 0 0 0.938
Car -1 -1 -10 1202 155 1236 171 1.5 1.5 2 0 0 0 0 0.909
Car -1 -1 -10 1170 156 1202 174 1.5 1.5 2 0 0 0 0 0.842
Car -1 -1 -10 462 180 512 210 1.5 1.5 2 0 0 0 0 0.830
Car -1 -1 -10 -2 272 62 374 1.5 1.5 2 0 0 0 0 0.811
Car -1 -1 -10 703 174 717 186 1.5 1.5 2 0 0 0 0 0.799
Car -1 -1 -10 1039 159 1079 177 1.5 1.5 2 0 0 0 0 0.716
Car -1 -1 -10 534 176 560 192 1.5 1.5 2 0 0 0 0 0.621
Car -1 -1 -10 1136 158 1172 174 1.5 1.5 2 0 0 0 0 0.613
Car -1 -1 -10 1104 159 1140 175 1.5 1.5 2 0 0 0 0 0.567
Car -1 -1 -10 293 192 319 208 1.5 1.5 2 0 0 0 0 0.551
