Car -1 -1 -10 81 181 339 327 1.5 1.5 2 0 0 0 0 0.995
Car -1 -1 -10 578 184 640 232 1.5 1.5 2 0 0 0 0 0.995
Car -1 -1 -10 430 186 502 240 1.5 1.5 2 0 0 0 0 0.983
Car -1 -1 -10 299 166 435 284 1.5 1.5 2 0 0 0 0 0.974
Car -1 -1 -10 6 182 140 240 1.5 1.5 2 0 0 0 0 0.944
Car -1 -1 -10 654 183 692 209 1.5 1.5 2 0 0 0 0 0.920
Car -1 -1 -10 1 194 145 290 1.5 1.5 2 0 0 0 0 0.885
Car -1 -1 -10 564 180 588 200 1.5 1.5 2 0 0 0 0 0.758
Car -1 -1 -10 517 185 551 207 1.5 1.5 2 0 0 0 0 0.645
Car -1 -1 -10 496 183 528 207 1.5 1.5 2 0 0 0 0 0.602
