Car -1 -1 -10 358 195 436 251 1.5 1.5 2 0 0 0 0 0.994
Car -1 -1 -10 251 200 367 288 1.5 1.5 2 0 0 0 0 0.993
Car -1 -1 -10 -4 220 258 360 1.5 1.5 2 0 0 0 0 0.986
Car -1 -1 -10 428 192 492 228 1.5 1.5 2 0 0 0 0 0.982
Car -1 -1 -10 909 143 1137 217 1.5 1.5 2 0 0 0 0 0.979
Car -1 -1 -10 806 159 906 205 1.5 1.5 2 0 0 0 0 0.950
Car -1 -1 -10 671 176 749 222 1.5 1.5 2 0 0 0 0 0.936
Car -1 -1 -10 650 178 689 204 1.5 1.5 2 0 0 0 0 0.846
Car -1 -1 -10 597 175 619 189 1.5 1.5 2 0 0 0 0 0.661
Car -1 -1 -10 515 184 547 202 1.5 1.5 2 0 0 0 0 0.609
Car -1 -1 -10 899 145 1025 209 1.5 1.5 2 0 0 0 0 0.572
Car -1 -1 -10 501 184 531 206 1.5 1.5 2 0 0 0 0 0.516
