Car -1 -1 -10 767 169 975 267 1.5 1.5 2 0 0 0 0 0.997
Car -1 -1 -10 578 173 682 261 1.5 1.5 2 0 0 0 0 0.996
Car -1 -1 -10 236 182 344 232 1.5 1.5 2 0 0 0 0 0.995
Car -1 -1 -10 69 176 233 254 1.5 1.5 2 0 0 0 0 0.992
Car -1 -1 -10 -102 181 52 283 1.5 1.5 2 0 0 0 0 0.968
Car -1 -1 -10 473 172 513 190 1.5 1.5 2 0 0 0 0 0.901
Car -1 -1 -10 685 171 777 207 1.5 1.5 2 0 0 0 0 0.895
Car -1 -1 -10 671 174 691 192 1.5 1.5 2 0 0 0 0 0.769
Car -1 -1 -10 530 172 556 186 1.5 1.5 2 0 0 0 0 0.726
Car -1 -1 -10 388 176 416 194 1.5 1.5 2 0 0 0 0 0.632
Car -1 -1 -10 305 173 373 205 1.5 1.5 2 0 0 0 0 0.615
Car -1 -1 -10 398 176 434 202 1.5 1.5 2 0 0 0 0 0.581
