Car -1 -1 -10 235 186 479 342 1.5 1.5 2 0 0 0 0 0.999
Car -1 -1 -10 520 176 578 218 1.5 1.5 2 0 0 0 0 0.977
Car -1 -1 -10 550 180 591 206 1.5 1.5 2 0 0 0 0 0.960
Car -1 -1 -10 693 187 783 255 1.5 1.5 2 0 0 0 0 0.913
Car -1 -1 -10 341 169 473 221 1.5 1.5 2 0 0 0 0 0.871
Car -1 -1 -10 592 175 606 189 1.5 1.5 2 0 0 0 0 0.838
Car -1 -1 -10 651 173 675 195 1.5 1.5 2 0 0 0 0 0.801
Car -1 -1 -10 605 172 619 186 1.5 1.5 2 0 0 0 0 0.790
Car -1 -1 -10 684 188 757 236 1.5 1.5 2 0 0 0 0 0.640
Car -1 -1 -10 620 173 628 183 1.5 1.5 2 0 0 0 0 0.565
Car -1 -1 -10 0 231 82 369 1.5 1.5 2 0 0 0 0 0.549
