Car -1 -1 -10 682 192 782 256 1.5 1.5 2 0 0 0 0 0.992
Car -1 -1 -10 353 207 505 305 1.5 1.5 2 0 0 0 0 0.965
Car -1 -1 -10 516 190 558 230 1.5 1.5 2 0 0 0 0 0.955
Car -1 -1 -10 445 193 517 255 1.5 1.5 2 0 0 0 0 0.944
Car -1 -1 -10 659 186 728 232 1.5 1.5 2 0 0 0 0 0.904
Car -1 -1 -10 554 191 574 211 1.5 1.5 2 0 0 0 0 0.903
Car -1 -1 -10 622 184 638 200 1.5 1.5 2 0 0 0 0 0.865
Car -1 -1 -10 633 185 664 205 1.5 1.5 2 0 0 0 0 0.862
Car -1 -1 -10 575 189 585 201 1.5 1.5 2 0 0 0 0 0.822
Car -1 -1 -10 649 180 713 222 1.5 1.5 2 0 0 0 0 0.650
Car -1 -1 -10 676 191 749 239 1.5 1.5 2 0 0 0 0 0.585
Car -1 -1 -10 591 188 597 194 1.5 1.5 2 0 0 0 0 0.551
