Car -1 -1 -10 6 203 166 313 1.5 1.5 2 0 0 0 0 0.989
Car -1 -1 -10 301 184 395 236 1.5 1.5 2 0 0 0 0 0.966
Car -1 -1 -10 64 187 226 275 1.5 1.5 2 0 0 0 0 0.917
Car -1 -1 -10 653 176 675 192 1.5 1.5 2 0 0 0 0 0.886
Car -1 -1 -10 613 177 637 189 1.5 1.5 2 0 0 0 0 0.868
Car -1 -1 -10 227 188 331 258 1.5 1.5 2 0 0 0 0 0.827
Car -1 -1 -10 1116 151 1250 181 1.5 1.5 2 0 0 0 0 0.705
Car -1 -1 -10 685 179 699 189 1.5 1.5 2 0 0 0 0 0.644
Car -1 -1 -10 519 182 539 196 1.5 1.5 2 0 0 0 0 0.625
Car -1 -1 -10 480 181 512 205 1.5 1.5 2 0 0 0 0 0.527
Car -1 -1 -10 504 182 524 200 1.5 1.5 2 0 0 0 0 0.522
