Car -1 -1 -10 907 198 1231 382 1.5 1.5 2 0 0 0 0 1.000
Car -1 -1 -10 299 192 469 292 1.5 1.5 2 0 0 0 0 0.999
Car -1 -1 -10 779 185 997 313 1.5 1.5 2 0 0 0 0 0.994
Car -1 -1 -10 412 184 516 252 1.5 1.5 2 0 0 0 0 0.990
Car -1 -1 -10 734 186 822 246 1.5 1.5 2 0 0 0 0 0.983
Car -1 -1 -10 547 182 605 216 1.5 1.5 2 0 0 0 0 0.953
Car -1 -1 -10 717 181 769 231 1.5 1.5 2 0 0 0 0 0.931
Car -1 -1 -10 462 177 551 235 1.5 1.5 2 0 0 0 0 0.928
Car -1 -1 -10 653 177 707 203 1.5 1.5 2 0 0 0 0 0.910
Car -1 -1 -10 808 173 840 189 1.5 1.5 2 0 0 0 0 0.694
Car -1 -1 -10 864 163 912 191 1.5 1.5 2 0 0 0 0 0.569
Car -1 -1 -10 757 170 789 186 1.5 1.5 2 0 0 0 0 0.517
