Car -1 -1 -10 797 196 1147 356 1.5 1.5 2 0 0 0 0 0.996
Car -1 -1 -10 747 186 869 272 1.5 1.5 2 0 0 0 0 0.995
Car -1 -1 -10 -6 196 298 366 1.5 1.5 2 0 0 0 0 0.994
Car -1 -1 -10 722 182 792 240 1.5 1.5 2 0 0 0 0 0.983
Car -1 -1 -10 468 178 530 218 1.5 1.5 2 0 0 0 0 0.972
Car -1 -1 -10 1094 274 1240 374 1.5 1.5 2 0 0 0 0 0.911
Car -1 -1 -10 278 194 412 282 1.5 1.5 2 0 0 0 0 0.889
Car -1 -1 -10 692 181 732 221 1.5 1.5 2 0 0 0 0 0.830
Car -1 -1 -10 517 182 539 208 1.5 1.5 2 0 0 0 0 0.722
Car -1 -1 -10 1202 181 1242 235 1.5 1.5 2 0 0 0 0 0.571
Car -1 -1 -10 995 184 1077 212 1.5 1.5 2 0 0 0 0 0.524
