Car -1 -1 -10 628 188 704 230 1.5 1.5 2 0 0 0 0 0.991
Car -1 -1 -10 3 219 247 377 1.5 1.5 2 0 0 0 0 0.987
Car -1 -1 -10 801 206 1169 376 1.5 1.5 2 0 0 0 0 0.982
Car -1 -1 -10 444 186 496 216 1.5 1.5 2 0 0 0 0 0.937
Car -1 -1 -10 791 177 891 207 1.5 1.5 2 0 0 0 0 0.881
Car -1 -1 -10 502 186 520 202 1.5 1.5 2 0 0 0 0 0.787
Car -1 -1 -10 542 186 558 194 1.5 1.5 2 0 0 0 0 0.762
Car -1 -1 -10 862 169 1006 217 1.5 1.5 2 0 0 0 0 0.666
Car -1 -1 -10 487 187 511 207 1.5 1.5 2 0 0 0 0 0.637
Car -1 -1 -10 617 182 641 200 1.5 1.5 2 0 0 0 0 0.522
