Car -1 -1 -10 522 175 598 213 1.5 1.5 2 0 0 0 0 0.987
Car -1 -1 -10 292 175 434 251 1.5 1.5 2 0 0 0 0 0.954
Car -1 -1 -10 729 168 755 182 1.5 1.5 2 0 0 0 0 0.919
Car -1 -1 -10 491 177 529 203 1.5 1.5 2 0 0 0 0 0.886
Car -1 -1 -10 1058 155 1086 169 1.5 1.5 2 0 0 0 0 0.882
Car -1 -1 -10 682 170 708 188 1.5 1.5 2 0 0 0 0 0.861
Car -1 -1 -10 598 174 650 202 1.5 1.5 2 0 0 0 0 0.829
Car -1 -1 -10 1085 153 1111 167 1.5 1.5 2 0 0 0 0 0.796
Car -1 -1 -10 1109 153 1133 165 1.5 1.5 2 0 0 0 0 0.786
Car -1 -1 -10 1219 149 1239 165 1.5 1.5 2 0 0 0 0 0.785
Car -1 -1 -10 794 159 824 169 1.5 1.5 2 0 0 0 0 0.767
Car -1 -1 -10 1008 158 1030 170 1.5 1.5 2 0 0 0 0 0.741
Car -1 -1 -10 649 174 675 188 1.5 1.5 2 0 0 0 0 0.619
Car -1 -1 -10 880 158 900 168 1.5 1.5 2 0 0 0 0 0.570
Car -1 -1 -10 701 169 719 183 1.5 1.5 2 0 0 0 0 0.524
Car -1 -1 -10 1177 152 1219 164 1.5 1.5 2 0 0 0 0 0.518
Car -1 -1 -10 861 159 881 169 1.5 1.5 2 0 0 0 0 0.505
