Car -1 -1 -10 914 181 1242 355 1.5 1.5 2 0 0 0 0 0.998
Car -1 -1 -10 635 177 713 233 1.5 1.5 2 0 0 0 0 0.990
Car -1 -1 -10 898 162 1132 298 1.5 1.5 2 0 0 0 0 0.974
Car -1 -1 -10 191 184 429 234 1.5 1.5 2 0 0 0 0 0.855
Car -1 -1 -10 404 175 494 213 1.5 1.5 2 0 0 0 0 0.690
Car -1 -1 -10 501 174 525 192 1.5 1.5 2 0 0 0 0 0.671
Car -1 -1 -10 488 175 514 193 1.5 1.5 2 0 0 0 0 0.642
Car -1 -1 -10 522 174 540 188 1.5 1.5 2 0 0 0 0 0.575
Car -1 -1 -10 613 174 651 198 1.5 1.5 2 0 0 0 0 0.539
Car -1 -1 -10 537 172 557 184 1.5 1.5 2 0 0 0 0 0.527
