Car -1 -1 -10 -7 226 411 368 1.5 1.5 2 0 0 0 0 0.993
Car -1 -1 -10 334 195 502 319 1.5 1.5 2 0 0 0 0 0.993
Car -1 -1 -10 478 179 550 239 1.5 1.5 2 0 0 0 0 0.992
Car -1 -1 -10 1001 159 1097 197 1.5 1.5 2 0 0 0 0 0.991
Car -1 -1 -10 788 186 964 308 1.5 1.5 2 0 0 0 0 0.976
Car -1 -1 -10 638 167 698 185 1.5 1.5 2 0 0 0 0 0.972
Car -1 -1 -10 1087 170 1193 214 1.5 1.5 2 0 0 0 0 0.961
Car -1 -1 -10 763 162 861 216 1.5 1.5 2 0 0 0 0 0.945
Car -1 -1 -10 1188 155 1238 183 1.5 1.5 2 0 0 0 0 0.741
Car -1 -1 -10 888 175 956 215 1.5 1.5 2 0 0 0 0 0.688
Car -1 -1 -10 502 187 564 227 1.5 1.5 2 0 0 0 0 0.644
Car -1 -1 -10 1078 155 1120 171 1.5 1.5 2 0 0 0 0 0.630
