Car -1 -1 -10 0 181 136 299 1.5 1.5 2 0 0 0 0 0.993
Car -1 -1 -10 111 179 251 253 1.5 1.5 2 0 0 0 0 0.968
Car -1 -1 -10 389 180 447 212 1.5 1.5 2 0 0 0 0 0.928
Car -1 -1 -10 649 175 675 193 1.5 1.5 2 0 0 0 0 0.897
Car -1 -1 -10 259 182 341 238 1.5 1.5 2 0 0 0 0 0.894
Car -1 -1 -10 454 181 476 203 1.5 1.5 2 0 0 0 0 0.717
Car -1 -1 -10 474 179 496 199 1.5 1.5 2 0 0 0 0 0.714
Car -1 -1 -10 1133 149 1237 179 1.5 1.5 2 0 0 0 0 0.674
Car -1 -1 -10 365 180 401 202 1.5 1.5 2 0 0 0 0 0.670
Car -1 -1 -10 422 182 461 208 1.5 1.5 2 0 0 0 0 0.569
Car -1 -1 -10 570 179 588 187 1.5 1.5 2 0 0 0 0 0.554
