Car -1 -1 -10 2 191 222 329 1.5 1.5 2 0 0 0 0 0.994
Car -1 -1 -10 1 251 101 367 1.5 1.5 2 0 0 0 0 0.924
Car -1 -1 -10 315 164 433 242 1.5 1.5 2 0 0 0 0 0.917
Car -1 -1 -10 681 175 745 227 1.5 1.5 2 0 0 0 0 0.914
Car -1 -1 -10 747 155 1069 357 1.5 1.5 2 0 0 0 0 0.909
Car -1 -1 -10 190 163 364 259 1.5 1.5 2 0 0 0 0 0.823
Car -1 -1 -10 76 182 282 278 1.5 1.5 2 0 0 0 0 0.792
Car -1 -1 -10 709 180 779 248 1.5 1.5 2 0 0 0 0 0.732
Car -1 -1 -10 655 174 693 206 1.5 1.5 2 0 0 0 0 0.626
Car -1 -1 -10 410 167 492 215 1.5 1.5 2 0 0 0 0 0.584
