Car -1 -1 -10 5 219 159 333 1.5 1.5 2 0 0 0 0 0.988
Car -1 -1 -10 35 185 205 247 1.5 1.5 2 0 0 0 0 0.986
Car -1 -1 -10 1192 152 1240 170 1.5 1.5 2 0 0 0 0 0.979
Car -1 -1 -10 718 169 746 191 1.5 1.5 2 0 0 0 0 0.975
Car -1 -1 -10 416 182 474 212 1.5 1.5 2 0 0 0 0 0.944
Car -1 -1 -10 575 178 629 210 1.5 1.5 2 0 0 0 0 0.934
Car -1 -1 -10 1163 152 1197 170 1.5 1.5 2 0 0 0 0 0.898
Car -1 -1 -10 1103 157 1137 173 1.5 1.5 2 0 0 0 0 0.850
Car -1 -1 -10 1134 156 1166 172 1.5 1.5 2 0 0 0 0 0.848
Car -1 -1 -10 1042 156 1072 174 1.5 1.5 2 0 0 0 0 0.813
Car -1 -1 -10 890 156 918 170 1.5 1.5 2 0 0 0 0 0.716
