Car -1 -1 -10 123 194 287 306 1.5 1.5 2 0 0 0 0 0.993
Car -1 -1 -10 980 192 1228 320 1.5 1.5 2 0 0 0 0 0.990
Car -1 -1 -10 672 188 746 240 1.5 1.5 2 0 0 0 0 0.986
Car -1 -1 -10 303 192 439 252 1.5 1.5 2 0 0 0 0 0.970
Car -1 -1 -10 464 183 524 217 1.5 1.5 2 0 0 0 0 0.948
Car -1 -1 -10 221 196 339 276 1.5 1.5 2 0 0 0 0 0.939
Car -1 -1 -10 397 186 469 234 1.5 1.5 2 0 0 0 0 0.933
Car -1 -1 -10 638 183 686 219 1.5 1.5 2 0 0 0 0 0.923
Car -1 -1 -10 2 150 146 372 1.5 1.5 2 0 0 0 0 0.912
Car -1 -1 -10 623 181 639 197 1.5 1.5 2 0 0 0 0 0.543
