Car -1 -1 -10 760 176 916 258 1.5 1.5 2 0 0 0 0 0.992
Car -1 -1 -10 308 195 422 249 1.5 1.5 2 0 0 0 0 0.984
Car -1 -1 -10 598 183 670 249 1.5 1.5 2 0 0 0 0 0.973
Car -1 -1 -10 117 181 237 239 1.5 1.5 2 0 0 0 0 0.953
Car -1 -1 -10 421 187 477 211 1.5 1.5 2 0 0 0 0 0.947
Car -1 -1 -10 488 185 534 215 1.5 1.5 2 0 0 0 0 0.916
Car -1 -1 -10 699 185 763 227 1.5 1.5 2 0 0 0 0 0.879
Car -1 -1 -10 265 188 347 236 1.5 1.5 2 0 0 0 0 0.872
Car -1 -1 -10 548 181 574 201 1.5 1.5 2 0 0 0 0 0.870
Car -1 -1 -10 586 188 608 204 1.5 1.5 2 0 0 0 0 0.745
