Car -1 -1 -10 80 192 362 344 1.5 1.5 2 0 0 0 0 0.998
Car -1 -1 -10 349 184 461 264 1.5 1.5 2 0 0 0 0 0.996
Car -1 -1 -10 442 178 498 236 1.5 1.5 2 0 0 0 0 0.989
Car -1 -1 -10 968 138 1200 208 1.5 1.5 2 0 0 0 0 0.981
Car -1 -1 -10 706 172 772 208 1.5 1.5 2 0 0 0 0 0.965
Car -1 -1 -10 499 180 547 212 1.5 1.5 2 0 0 0 0 0.945
Car -1 -1 -10 472 182 526 218 1.5 1.5 2 0 0 0 0 0.928
Car -1 -1 -10 543 171 583 189 1.5 1.5 2 0 0 0 0 0.915
Car -1 -1 -10 682 173 710 193 1.5 1.5 2 0 0 0 0 0.736
Car -1 -1 -10 632 175 666 209 1.5 1.5 2 0 0 0 0 0.635
Car -1 -1 -10 1149 130 1241 186 1.5 1.5 2 0 0 0 0 0.573
Car -1 -1 -10 515 179 556 205 1.5 1.5 2 0 0 0 0 0.531
