Car -1 -1 -10 782 185 938 289 1.5 1.5 2 0 0 0 0 0.998
Car -1 -1 -10 426 181 536 251 1.5 1.5 2 0 0 0 0 0.988
Car -1 -1 -10 744 185 830 249 1.5 1.5 2 0 0 0 0 0.950
Car -1 -1 -10 707 177 771 233 1.5 1.5 2 0 0 0 0 0.943
Car -1 -1 -10 -10 213 354 375 1.5 1.5 2 0 0 0 0 0.922
Car -1 -1 -10 319 187 357 197 1.5 1.5 2 0 0 0 0 0.858
Car -1 -1 -10 503 177 569 221 1.5 1.5 2 0 0 0 0 0.743
Car -1 -1 -10 574 180 614 204 1.5 1.5 2 0 0 0 0 0.722
Car -1 -1 -10 743 168 779 184 1.5 1.5 2 0 0 0 0 0.668
Car -1 -1 -10 662 176 698 194 1.5 1.5 2 0 0 0 0 0.648
