Car -1 -1 -10 816 174 1246 372 1.5 1.5 2 0 0 0 0 0.999
Car -1 -1 -10 468 178 524 236 1.5 1.5 2 0 0 0 0 0.994
Car -1 -1 -10 839 164 941 212 1.5 1.5 2 0 0 0 0 0.980
Car -1 -1 -10 676 174 736 216 1.5 1.5 2 0 0 0 0 0.971
Car -1 -1 -10 5 187 449 365 1.5 1.5 2 0 0 0 0 0.960
Car -1 -1 -10 400 186 480 258 1.5 1.5 2 0 0 0 0 0.953
Car -1 -1 -10 523 169 575 211 1.5 1.5 2 0 0 0 0 0.937
Car -1 -1 -10 794 165 860 201 1.5 1.5 2 0 0 0 0 0.932
Car -1 -1 -10 930 159 986 199 1.5 1.5 2 0 0 0 0 0.779
Car -1 -1 -10 560 173 593 195 1.5 1.5 2 0 0 0 0 0.623
Car -1 -1 -10 744 166 774 192 1.5 1.5 2 0 0 0 0 0.614
