Car -1 -1 -10 247 185 399 251 1.5 1.5 2 0 0 0 0 0.993
Car -1 -1 -10 499 176 571 214 1.5 1.5 2 0 0 0 0 0.985
Car -1 -1 -10 2 183 166 251 1.5 1.5 2 0 0 0 0 0.984
Car -1 -1 -10 1200 149 1242 165 1.5 1.5 2 0 0 0 0 0.900
Car -1 -1 -10 1098 153 1136 167 1.5 1.5 2 0 0 0 0 0.822
Car -1 -1 -10 680 171 712 187 1.5 1.5 2 0 0 0 0 0.768
Car -1 -1 -10 1159 153 1205 165 1.5 1.5 2 0 0 0 0 0.757
Car -1 -1 -10 1049 157 1085 169 1.5 1.5 2 0 0 0 0 0.732
Car -1 -1 -10 391 172 471 208 1.5 1.5 2 0 0 0 0 0.654
Car -1 -1 -10 647 174 675 186 1.5 1.5 2 0 0 0 0 0.637
Car -1 -1 -10 566 177 594 199 1.5 1.5 2 0 0 0 0 0.578
