Car -1 -1 -10 809 195 1037 329 1.5 1.5 2 0 0 0 0 0.996
Car -1 -1 -10 751 187 835 259 1.5 1.5 2 0 0 0 0 0.977
Car -1 -1 -10 553 172 599 206 1.5 1.5 2 0 0 0 0 0.951
Car -1 -1 -10 730 180 790 234 1.5 1.5 2 0 0 0 0 0.882
Car -1 -1 -10 711 179 769 217 1.5 1.5 2 0 0 0 0 0.774
Car -1 -1 -10 1025 219 1241 371 1.5 1.5 2 0 0 0 0 0.759
Car -1 -1 -10 386 155 548 275 1.5 1.5 2 0 0 0 0 0.743
Car -1 -1 -10 683 176 731 208 1.5 1.5 2 0 0 0 0 0.732
Car -1 -1 -10 723 176 795 224 1.5 1.5 2 0 0 0 0 0.622
Car -1 -1 -10 699 180 747 212 1.5 1.5 2 0 0 0 0 0.575
