Car -1 -1 -10 699 195 833 289 1.5 1.5 2 0 0 0 0 0.995
Car -1 -1 -10 773 195 1129 385 1.5 1.5 2 0 0 0 0 0.994
Car -1 -1 -10 492 186 558 234 1.5 1.5 2 0 0 0 0 0.983
Car -1 -1 -10 148 210 464 374 1.5 1.5 2 0 0 0 0 0.927
Car -1 -1 -10 552 178 609 216 1.5 1.5 2 0 0 0 0 0.916
Car -1 -1 -10 616 186 644 204 1.5 1.5 2 0 0 0 0 0.915
Car -1 -1 -10 652 185 670 199 1.5 1.5 2 0 0 0 0 0.895
Car -1 -1 -10 682 188 704 200 1.5 1.5 2 0 0 0 0 0.770
Car -1 -1 -10 -8 301 232 373 1.5 1.5 2 0 0 0 0 0.758
Car -1 -1 -10 509 175 583 223 1.5 1.5 2 0 0 0 0 0.738
Car -1 -1 -10 670 188 686 200 1.5 1.5 2 0 0 0 0 0.648
