Car -1 -1 -10 1040 159 1070 177 1.5 1.5 2 0 0 0 0 0.888
Car -1 -1 -10 1186 155 1238 173 1.5 1.5 2 0 0 0 0 0.882
Car -1 -1 -10 1157 156 1189 174 1.5 1.5 2 0 0 0 0 0.874
Car -1 -1 -10 1094 159 1134 177 1.5 1.5 2 0 0 0 0 0.860
Car -1 -1 -10 474 180 514 210 1.5 1.5 2 0 0 0 0 0.793
Car -1 -1 -10 725 175 739 189 1.5 1.5 2 0 0 0 0 0.763
Car -1 -1 -10 661 174 691 202 1.5 1.5 2 0 0 0 0 0.749
Car -1 -1 -10 1010 159 1038 177 1.5 1.5 2 0 0 0 0 0.734
Car -1 -1 -10 689 168 725 204 1.5 1.5 2 0 0 0 0 0.693
Car -1 -1 -10 1130 158 1162 174 1.5 1.5 2 0 0 0 0 0.683
Car -1 -1 -10 245 180 381 236 1.5 1.5 2 0 0 0 0 0.654
Car -1 -1 -10 731 176 745 186 1.5 1.5 2 0 0 0 0 0.506
