Car -1 -1 -10 476 180 560 218 1.5 1.5 2 0 0 0 0 0.994
Car -1 -1 -10 230 191 386 253 1.5 1.5 2 0 0 0 0 0.987
Car -1 -1 -10 130 178 278 236 1.5 1.5 2 0 0 0 0 0.919
Car -1 -1 -10 1072 153 1100 167 1.5 1.5 2 0 0 0 0 0.838
Car -1 -1 -10 685 171 709 187 1.5 1.5 2 0 0 0 0 0.818
Car -1 -1 -10 436 170 496 208 1.5 1.5 2 0 0 0 0 0.810
Car -1 -1 -10 734 169 758 185 1.5 1.5 2 0 0 0 0 0.717
Car -1 -1 -10 1119 155 1153 167 1.5 1.5 2 0 0 0 0 0.701
Car -1 -1 -10 1091 154 1121 168 1.5 1.5 2 0 0 0 0 0.676
Car -1 -1 -10 536 175 564 189 1.5 1.5 2 0 0 0 0 0.601
Car -1 -1 -10 1188 151 1238 167 1.5 1.5 2 0 0 0 0 0.597
Car -1 -1 -10 1153 155 1189 167 1.5 1.5 2 0 0 0 0 0.585
Car -1 -1 -10 698 166 722 184 1.5 1.5 2 0 0 0 0 0.560
