Car -1 -1 -10 3 186 209 284 1.5 1.5 2 0 0 0 0 0.980
Car -1 -1 -10 447 179 479 203 1.5 1.5 2 0 0 0 0 0.965
Car -1 -1 -10 303 179 401 225 1.5 1.5 2 0 0 0 0 0.961
Car -1 -1 -10 901 157 971 175 1.5 1.5 2 0 0 0 0 0.900
Car -1 -1 -10 421 181 451 209 1.5 1.5 2 0 0 0 0 0.887
Car -1 -1 -10 652 175 676 193 1.5 1.5 2 0 0 0 0 0.871
Car -1 -1 -10 377 178 427 216 1.5 1.5 2 0 0 0 0 0.830
Car -1 -1 -10 538 182 566 194 1.5 1.5 2 0 0 0 0 0.780
Car -1 -1 -10 964 146 1046 174 1.5 1.5 2 0 0 0 0 0.742
Car -1 -1 -10 677 174 701 190 1.5 1.5 2 0 0 0 0 0.622
Car -1 -1 -10 836 158 876 174 1.5 1.5 2 0 0 0 0 0.586
Car -1 -1 -10 638 168 656 186 1.5 1.5 2 0 0 0 0 0.525
