Car -1 -1 -10 676 184 784 270 1.5 1.5 2 0 0 0 0 0.999
Car -1 -1 -10 -11 229 429 375 1.5 1.5 2 0 0 0 0 0.992
Car -1 -1 -10 5 187 223 263 1.5 1.5 2 0 0 0 0 0.983
Car -1 -1 -10 543 184 593 218 1.5 1.5 2 0 0 0 0 0.980
Car -1 -1 -10 645 185 681 233 1.5 1.5 2 0 0 0 0 0.976
Car -1 -1 -10 212 187 286 221 1.5 1.5 2 0 0 0 0 0.966
Car -1 -1 -10 373 183 455 215 1.5 1.5 2 0 0 0 0 0.727
Car -1 -1 -10 274 191 430 257 1.5 1.5 2 0 0 0 0 0.696
Car -1 -1 -10 617 186 645 216 1.5 1.5 2 0 0 0 0 0.621
Car -1 -1 -10 659 186 693 242 1.5 1.5 2 0 0 0 0 0.581
Car -1 -1 -10 447 185 509 227 1.5 1.5 2 0 0 0 0 0.532
Car -1 -1 -10 498 179 528 205 1.5 1.5 2 0 0 0 0 0.529
