Car -1 -1 -10 861 213 1243 371 1.5 1.5 2 0 0 0 0 0.996
Car -1 -1 -10 803 177 991 323 1.5 1.5 2 0 0 0 0 0.995
Car -1 -1 -10 499 175 637 255 1.5 1.5 2 0 0 0 0 0.993
Car -1 -1 -10 3 185 211 369 1.5 1.5 2 0 0 0 0 0.985
Car -1 -1 -10 777 169 819 199 1.5 1.5 2 0 0 0 0 0.981
Car -1 -1 -10 628 170 660 208 1.5 1.5 2 0 0 0 0 0.924
Car -1 -1 -10 660 160 706 194 1.5 1.5 2 0 0 0 0 0.889
Car -1 -1 -10 942 147 1072 213 1.5 1.5 2 0 0 0 0 0.789
Car -1 -1 -10 1062 137 1198 205 1.5 1.5 2 0 0 0 0 0.619
Car -1 -1 -10 803 170 917 248 1.5 1.5 2 0 0 0 0 0.601
