Car -1 -1 -10 678 180 770 236 1.5 1.5 2 0 0 0 0 0.995
Car -1 -1 -10 827 187 1245 375 1.5 1.5 2 0 0 0 0 0.989
Car -1 -1 -10 283 192 377 244 1.5 1.5 2 0 0 0 0 0.983
Car -1 -1 -10 409 178 461 214 1.5 1.5 2 0 0 0 0 0.963
Car -1 -1 -10 358 187 416 225 1.5 1.5 2 0 0 0 0 0.951
Car -1 -1 -10 585 179 617 201 1.5 1.5 2 0 0 0 0 0.922
Car -1 -1 -10 623 175 639 189 1.5 1.5 2 0 0 0 0 0.895
Car -1 -1 -10 662 180 726 222 1.5 1.5 2 0 0 0 0 0.875
Car -1 -1 -10 645 177 682 201 1.5 1.5 2 0 0 0 0 0.676
Car -1 -1 -10 637 175 664 193 1.5 1.5 2 0 0 0 0 0.502
