Car -1 -1 -10 403 184 471 234 1.5 1.5 2 0 0 0 0 0.998
Car -1 -1 -10 780 166 1036 252 1.5 1.5 2 0 0 0 0 0.996
Car -1 -1 -10 499 178 553 224 1.5 1.5 2 0 0 0 0 0.989
Car -1 -1 -10 1106 149 1234 187 1.5 1.5 2 0 0 0 0 0.971
Car -1 -1 -10 774 154 880 196 1.5 1.5 2 0 0 0 0 0.961
Car -1 -1 -10 464 185 500 219 1.5 1.5 2 0 0 0 0 0.932
Car -1 -1 -10 540 175 560 189 1.5 1.5 2 0 0 0 0 0.833
Car -1 -1 -10 459 180 506 210 1.5 1.5 2 0 0 0 0 0.829
Car -1 -1 -10 1035 151 1107 183 1.5 1.5 2 0 0 0 0 0.820
Car -1 -1 -10 594 178 626 200 1.5 1.5 2 0 0 0 0 0.807
Car -1 -1 -10 643 175 681 201 1.5 1.5 2 0 0 0 0 0.780
Car -1 -1 -10 1069 152 1135 184 1.5 1.5 2 0 0 0 0 0.733
Car -1 -1 -10 615 179 639 197 1.5 1.5 2 0 0 0 0 0.635
