Car -1 -1 -10 604 191 734 277 1.5 1.5 2 0 0 0 0 0.999
Car -1 -1 -10 739 190 903 306 1.5 1.5 2 0 0 0 0 0.999
Car -1 -1 -10 166 199 302 283 1.5 1.5 2 0 0 0 0 0.983
Car -1 -1 -10 265 188 333 246 1.5 1.5 2 0 0 0 0 0.976
Car -1 -1 -10 546 185 616 241 1.5 1.5 2 0 0 0 0 0.953
Car -1 -1 -10 418 177 458 219 1.5 1.5 2 0 0 0 0 0.907
Car -1 -1 -10 444 184 474 204 1.5 1.5 2 0 0 0 0 0.881
Car -1 -1 -10 475 184 515 210 1.5 1.5 2 0 0 0 0 0.706
Car -1 -1 -10 487 183 532 213 1.5 1.5 2 0 0 0 0 0.621
Car -1 -1 -10 379 184 401 198 1.5 1.5 2 0 0 0 0 0.548
Car -1 -1 -10 506 192 558 226 1.5 1.5 2 0 0 0 0 0.536
Car -1 -1 -10 394 181 406 189 1.5 1.5 2 0 0 0 0 0.507
