Car -1 -1 -10 726 172 852 248 1.5 1.5 2 0 0 0 0 0.994
Car -1 -1 -10 583 176 671 248 1.5 1.5 2 0 0 0 0 0.992
Car -1 -1 -10 169 179 299 241 1.5 1.5 2 0 0 0 0 0.968
Car -1 -1 -10 -7 175 183 275 1.5 1.5 2 0 0 0 0 0.961
Car -1 -1 -10 1150 184 1244 228 1.5 1.5 2 0 0 0 0 0.941
Car -1 -1 -10 295 180 379 222 1.5 1.5 2 0 0 0 0 0.934
Car -1 -1 -10 674 173 740 205 1.5 1.5 2 0 0 0 0 0.928
Car -1 -1 -10 481 175 515 195 1.5 1.5 2 0 0 0 0 0.871
Car -1 -1 -10 411 178 463 204 1.5 1.5 2 0 0 0 0 0.820
Car -1 -1 -10 530 175 558 189 1.5 1.5 2 0 0 0 0 0.515
