Car -1 -1 -10 438 184 602 272 1.5 1.5 2 0 0 0 0 0.998
Car -1 -1 -10 1009 186 1233 372 1.5 1.5 2 0 0 0 0 0.997
Car -1 -1 -10 863 178 955 242 1.5 1.5 2 0 0 0 0 0.990
Car -1 -1 -10 611 176 683 218 1.5 1.5 2 0 0 0 0 0.987
Car -1 -1 -10 708 172 754 196 1.5 1.5 2 0 0 0 0 0.935
Car -1 -1 -10 -1 227 59 371 1.5 1.5 2 0 0 0 0 0.882
Car -1 -1 -10 837 171 906 217 1.5 1.5 2 0 0 0 0 0.877
Car -1 -1 -10 812 168 834 186 1.5 1.5 2 0 0 0 0 0.853
Car -1 -1 -10 796 169 826 185 1.5 1.5 2 0 0 0 0 0.669
Car -1 -1 -10 642 172 696 208 1.5 1.5 2 0 0 0 0 0.619
Car -1 -1 -10 685 172 709 198 1.5 1.5 2 0 0 0 0 0.595
Car -1 -1 -10 518 175 540 185 1.5 1.5 2 0 0 0 0 0.590
Car -1 -1 -10 455 175 481 193 1.5 1.5 2 0 0 0 0 0.534
Car -1 -1 -10 615 175 637 187 1.5 1.5 2 0 0 0 0 0.504
