Car -1 -1 -10 756 177 1010 325 1.5 1.5 2 0 0 0 0 0.998
Car -1 -1 -10 60 201 316 327 1.5 1.5 2 0 0 0 0 0.981
Car -1 -1 -10 4 229 50 375 1.5 1.5 2 0 0 0 0 0.973
Car -1 -1 -10 539 179 575 199 1.5 1.5 2 0 0 0 0 0.898
Car -1 -1 -10 691 166 761 190 1.5 1.5 2 0 0 0 0 0.869
Car -1 -1 -10 323 178 431 248 1.5 1.5 2 0 0 0 0 0.864
Car -1 -1 -10 457 180 509 214 1.5 1.5 2 0 0 0 0 0.827
Car -1 -1 -10 511 183 541 201 1.5 1.5 2 0 0 0 0 0.793
Car -1 -1 -10 412 179 462 221 1.5 1.5 2 0 0 0 0 0.747
Car -1 -1 -10 627 176 661 190 1.5 1.5 2 0 0 0 0 0.692
