Car -1 -1 -10 766 191 914 283 1.5 1.5 2 0 0 0 0 0.998
Car -1 -1 -10 590 181 660 235 1.5 1.5 2 0 0 0 0 0.996
Car -1 -1 -10 72 181 334 341 1.5 1.5 2 0 0 0 0 0.994
Car -1 -1 -10 247 182 441 282 1.5 1.5 2 0 0 0 0 0.985
Car -1 -1 -10 3 171 103 371 1.5 1.5 2 0 0 0 0 0.983
Car -1 -1 -10 723 175 801 239 1.5 1.5 2 0 0 0 0 0.979
Car -1 -1 -10 405 178 521 242 1.5 1.5 2 0 0 0 0 0.959
Car -1 -1 -10 501 180 559 212 1.5 1.5 2 0 0 0 0 0.933
Car -1 -1 -10 1051 146 1235 370 1.5 1.5 2 0 0 0 0 0.863
Car -1 -1 -10 678 174 736 212 1.5 1.5 2 0 0 0 0 0.658
Car -1 -1 -10 583 169 605 185 1.5 1.5 2 0 0 0 0 0.571
