Car -1 -1 -10 369 201 517 291 1.5 1.5 2 0 0 0 0 0.999
Car -1 -1 -10 945 242 1239 372 1.5 1.5 2 0 0 0 0 0.997
Car -1 -1 -10 130 191 310 279 1.5 1.5 2 0 0 0 0 0.995
Car -1 -1 -10 565 180 619 220 1.5 1.5 2 0 0 0 0 0.992
Car -1 -1 -10 645 182 697 222 1.5 1.5 2 0 0 0 0 0.981
Car -1 -1 -10 242 178 304 212 1.5 1.5 2 0 0 0 0 0.973
Car -1 -1 -10 476 182 546 252 1.5 1.5 2 0 0 0 0 0.904
Car -1 -1 -10 330 178 434 214 1.5 1.5 2 0 0 0 0 0.888
Car -1 -1 -10 631 181 657 207 1.5 1.5 2 0 0 0 0 0.784
Car -1 -1 -10 2 176 32 240 1.5 1.5 2 0 0 0 0 0.678
