Car -1 -1 -10 2 214 284 378 1.5 1.5 2 0 0 0 0 0.987
Car -1 -1 -10 298 187 370 239 1.5 1.5 2 0 0 0 0 0.976
Car -1 -1 -10 570 182 600 206 1.5 1.5 2 0 0 0 0 0.931
Car -1 -1 -10 505 185 537 205 1.5 1.5 2 0 0 0 0 0.891
Car -1 -1 -10 458 189 511 223 1.5 1.5 2 0 0 0 0 0.885
Car -1 -1 -10 482 186 524 214 1.5 1.5 2 0 0 0 0 0.811
Car -1 -1 -10 77 185 199 215 1.5 1.5 2 0 0 0 0 0.792
Car -1 -1 -10 189 182 317 252 1.5 1.5 2 0 0 0 0 0.769
Car -1 -1 -10 528 183 552 199 1.5 1.5 2 0 0 0 0 0.594
Car -1 -1 -10 549 185 567 197 1.5 1.5 2 0 0 0 0 0.508
