Car -1 -1 -10 63 199 349 343 1.5 1.5 2 0 0 0 0 0.996
Car -1 -1 -10 424 185 482 237 1.5 1.5 2 0 0 0 0 0.991
Car -1 -1 -10 330 190 440 266 1.5 1.5 2 0 0 0 0 0.981
Car -1 -1 -10 792 186 1018 306 1.5 1.5 2 0 0 0 0 0.975
Car -1 -1 -10 506 182 552 206 1.5 1.5 2 0 0 0 0 0.952
Car -1 -1 -10 966 219 1232 371 1.5 1.5 2 0 0 0 0 0.930
Car -1 -1 -10 736 179 844 249 1.5 1.5 2 0 0 0 0 0.922
Car -1 -1 -10 707 178 777 224 1.5 1.5 2 0 0 0 0 0.827
Car -1 -1 -10 1082 175 1194 215 1.5 1.5 2 0 0 0 0 0.769
Car -1 -1 -10 577 174 615 188 1.5 1.5 2 0 0 0 0 0.678
Car -1 -1 -10 692 179 749 217 1.5 1.5 2 0 0 0 0 0.676
Car -1 -1 -10 684 176 736 210 1.5 1.5 2 0 0 0 0 0.600
Car -1 -1 -10 994 172 1080 210 1.5 1.5 2 0 0 0 0 0.523
