Car -1 -1 -10 805 174 1053 296 1.5 1.5 2 0 0 0 0 0.999
Car -1 -1 -10 189 189 313 243 1.5 1.5 2 0 0 0 0 0.996
Car -1 -1 -10 578 174 694 276 1.5 1.5 2 0 0 0 0 0.996
Car -1 -1 -10 -5 179 187 275 1.5 1.5 2 0 0 0 0 0.993
Car -1 -1 -10 692 173 784 215 1.5 1.5 2 0 0 0 0 0.898
Car -1 -1 -10 291 177 351 207 1.5 1.5 2 0 0 0 0 0.837
Car -1 -1 -10 465 176 505 196 1.5 1.5 2 0 0 0 0 0.803
Car -1 -1 -10 418 181 448 205 1.5 1.5 2 0 0 0 0 0.773
Car -1 -1 -10 519 174 549 190 1.5 1.5 2 0 0 0 0 0.736
Car -1 -1 -10 379 179 413 205 1.5 1.5 2 0 0 0 0 0.702
Car -1 -1 -10 678 176 702 194 1.5 1.5 2 0 0 0 0 0.605
Car -1 -1 -10 441 180 463 202 1.5 1.5 2 0 0 0 0 0.541
