Car -1 -1 -10 742 163 904 223 1.5 1.5 2 0 0 0 0 0.997
Car -1 -1 -10 462 182 514 222 1.5 1.5 2 0 0 0 0 0.978
Car -1 -1 -10 501 181 540 207 1.5 1.5 2 0 0 0 0 0.966
Car -1 -1 -10 546 177 582 203 1.5 1.5 2 0 0 0 0 0.963
Car -1 -1 -10 486 183 530 211 1.5 1.5 2 0 0 0 0 0.881
Car -1 -1 -10 1031 147 1139 177 1.5 1.5 2 0 0 0 0 0.855
Car -1 -1 -10 970 147 1044 177 1.5 1.5 2 0 0 0 0 0.818
Car -1 -1 -10 755 154 833 182 1.5 1.5 2 0 0 0 0 0.774
Car -1 -1 -10 647 173 685 193 1.5 1.5 2 0 0 0 0 0.661
Car -1 -1 -10 874 148 938 174 1.5 1.5 2 0 0 0 0 0.607
Car -1 -1 -10 629 175 657 193 1.5 1.5 2 0 0 0 0 0.573
Car -1 -1 -10 534 180 567 202 1.5 1.5 2 0 0 0 0 0.541
Car -1 -1 -10 931 153 975 173 1.5 1.5 2 0 0 0 0 0.502
