Car -1 -1 -10 358 200 484 284 1.5 1.5 2 0 0 0 0 0.993
Car -1 -1 -10 1041 140 1359 352 1.5 1.5 2 0 0 0 0 0.993
Car -1 -1 -10 -4 188 382 374 1.5 1.5 2 0 0 0 0 0.971
Car -1 -1 -10 774 167 844 213 1.5 1.5 2 0 0 0 0 0.969
Car -1 -1 -10 910 163 976 189 1.5 1.5 2 0 0 0 0 0.952
Car -1 -1 -10 492 179 551 217 1.5 1.5 2 0 0 0 0 0.927
Car -1 -1 -10 704 178 788 240 1.5 1.5 2 0 0 0 0 0.914
Car -1 -1 -10 874 155 916 171 1.5 1.5 2 0 0 0 0 0.857
Car -1 -1 -10 931 166 1127 262 1.5 1.5 2 0 0 0 0 0.855
Car -1 -1 -10 430 176 528 248 1.5 1.5 2 0 0 0 0 0.822
Car -1 -1 -10 523 184 567 212 1.5 1.5 2 0 0 0 0 0.688
Car -1 -1 -10 744 170 806 216 1.5 1.5 2 0 0 0 0 0.676
