Car -1 -1 -10 227 187 401 273 1.5 1.5 2 0 0 0 0 0.985
Car -1 -1 -10 808 212 1224 370 1.5 1.5 2 0 0 0 0 0.981
Car -1 -1 -10 464 177 534 209 1.5 1.5 2 0 0 0 0 0.970
Car -1 -1 -10 532 179 582 215 1.5 1.5 2 0 0 0 0 0.967
Car -1 -1 -10 657 178 705 212 1.5 1.5 2 0 0 0 0 0.957
Car -1 -1 -10 720 191 826 263 1.5 1.5 2 0 0 0 0 0.955
Car -1 -1 -10 9 179 233 345 1.5 1.5 2 0 0 0 0 0.938
Car -1 -1 -10 296 180 446 240 1.5 1.5 2 0 0 0 0 0.913
Car -1 -1 -10 367 179 469 217 1.5 1.5 2 0 0 0 0 0.832
Car -1 -1 -10 630 175 654 191 1.5 1.5 2 0 0 0 0 0.822
