Car -1 -1 -10 823 210 1217 374 1.5 1.5 2 0 0 0 0 0.998
Car -1 -1 -10 16 179 284 325 1.5 1.5 2 0 0 0 0 0.994
Car -1 -1 -10 4 236 114 364 1.5 1.5 2 0 0 0 0 0.990
Car -1 -1 -10 788 181 864 243 1.5 1.5 2 0 0 0 0 0.981
Car -1 -1 -10 718 175 800 225 1.5 1.5 2 0 0 0 0 0.948
Car -1 -1 -10 279 173 409 233 1.5 1.5 2 0 0 0 0 0.917
Car -1 -1 -10 437 177 521 213 1.5 1.5 2 0 0 0 0 0.883
Car -1 -1 -10 817 182 919 250 1.5 1.5 2 0 0 0 0 0.874
Car -1 -1 -10 110 180 306 270 1.5 1.5 2 0 0 0 0 0.694
Car -1 -1 -10 626 175 674 205 1.5 1.5 2 0 0 0 0 0.663
