Car -1 -1 -10 -3 182 251 300 1.5 1.5 2 0 0 0 0 0.986
Car -1 -1 -10 647 174 675 192 1.5 1.5 2 0 0 0 0 0.918
Car -1 -1 -10 420 180 474 210 1.5 1.5 2 0 0 0 0 0.888
Car -1 -1 -10 330 184 400 230 1.5 1.5 2 0 0 0 0 0.867
Car -1 -1 -10 583 179 607 189 1.5 1.5 2 0 0 0 0 0.863
Car -1 -1 -10 186 181 292 247 1.5 1.5 2 0 0 0 0 0.740
Car -1 -1 -10 469 183 491 203 1.5 1.5 2 0 0 0 0 0.698
Car -1 -1 -10 1116 152 1256 182 1.5 1.5 2 0 0 0 0 0.609
Car -1 -1 -10 256 183 344 235 1.5 1.5 2 0 0 0 0 0.597
Car -1 -1 -10 1040 155 1134 179 1.5 1.5 2 0 0 0 0 0.580
Car -1 -1 -10 489 181 509 199 1.5 1.5 2 0 0 0 0 0.565
Car -1 -1 -10 1 191 215 333 1.5 1.5 2 0 0 0 0 0.523
