Car -1 -1 -10 591 183 661 233 1.5 1.5 2 0 0 0 0 0.998
Car -1 -1 -10 948 221 1238 377 1.5 1.5 2 0 0 0 0 0.992
Car -1 -1 -10 444 180 546 228 1.5 1.5 2 0 0 0 0 0.991
Car -1 -1 -10 -9 186 225 266 1.5 1.5 2 0 0 0 0 0.977
Car -1 -1 -10 772 172 952 290 1.5 1.5 2 0 0 0 0 0.973
Car -1 -1 -10 368 179 466 253 1.5 1.5 2 0 0 0 0 0.919
Car -1 -1 -10 232 177 442 297 1.5 1.5 2 0 0 0 0 0.896
Car -1 -1 -10 698 173 754 223 1.5 1.5 2 0 0 0 0 0.865
Car -1 -1 -10 745 177 805 211 1.5 1.5 2 0 0 0 0 0.796
Car -1 -1 -10 -1 180 51 238 1.5 1.5 2 0 0 0 0 0.666
Car -1 -1 -10 549 164 601 196 1.5 1.5 2 0 0 0 0 0.545
Car -1 -1 -10 726 183 794 237 1.5 1.5 2 0 0 0 0 0.514
