Car -1 -1 -10 686 179 790 255 1.5 1.5 2 0 0 0 0 0.996
Car -1 -1 -10 761 183 991 325 1.5 1.5 2 0 0 0 0 0.996
Car -1 -1 -10 494 195 652 317 1.5 1.5 2 0 0 0 0 0.996
Car -1 -1 -10 641 179 675 211 1.5 1.5 2 0 0 0 0 0.935
Car -1 -1 -10 656 181 710 231 1.5 1.5 2 0 0 0 0 0.918
Car -1 -1 -10 241 190 301 208 1.5 1.5 2 0 0 0 0 0.892
Car -1 -1 -10 84 186 168 208 1.5 1.5 2 0 0 0 0 0.821
Car -1 -1 -10 573 169 643 221 1.5 1.5 2 0 0 0 0 0.782
Car -1 -1 -10 154 187 224 205 1.5 1.5 2 0 0 0 0 0.641
Car -1 -1 -10 336 179 396 203 1.5 1.5 2 0 0 0 0 0.638
