Car -1 -1 -10 297 188 447 306 1.5 1.5 2 0 0 0 0 0.999
Car -1 -1 -10 778 182 970 286 1.5 1.5 2 0 0 0 0 0.998
Car -1 -1 -10 -1 200 325 378 1.5 1.5 2 0 0 0 0 0.994
Car -1 -1 -10 976 182 1232 376 1.5 1.5 2 0 0 0 0 0.994
Car -1 -1 -10 650 170 710 202 1.5 1.5 2 0 0 0 0 0.990
Car -1 -1 -10 734 174 822 240 1.5 1.5 2 0 0 0 0 0.990
Car -1 -1 -10 525 174 593 222 1.5 1.5 2 0 0 0 0 0.979
Car -1 -1 -10 708 167 738 189 1.5 1.5 2 0 0 0 0 0.907
Car -1 -1 -10 887 152 947 184 1.5 1.5 2 0 0 0 0 0.903
Car -1 -1 -10 290 185 326 199 1.5 1.5 2 0 0 0 0 0.866
Car -1 -1 -10 429 169 519 249 1.5 1.5 2 0 0 0 0 0.803
Car -1 -1 -10 823 165 855 183 1.5 1.5 2 0 0 0 0 0.735
Car -1 -1 -10 945 153 985 179 1.5 1.5 2 0 0 0 0 0.571
Car -1 -1 -10 778 166 812 182 1.5 1.5 2 0 0 0 0 0.515
