Car -1 -1 -10 777 189 937 285 1.5 1.5 2 0 0 0 0 0.998
Car -1 -1 -10 341 189 463 259 1.5 1.5 2 0 0 0 0 0.998
Car -1 -1 -10 734 183 818 241 1.5 1.5 2 0 0 0 0 0.997
Car -1 -1 -10 867 181 1245 385 1.5 1.5 2 0 0 0 0 0.994
Car -1 -1 -10 450 185 512 233 1.5 1.5 2 0 0 0 0 0.987
Car -1 -1 -10 701 181 753 229 1.5 1.5 2 0 0 0 0 0.924
Car -1 -1 -10 529 181 575 203 1.5 1.5 2 0 0 0 0 0.893
Car -1 -1 -10 634 179 658 189 1.5 1.5 2 0 0 0 0 0.722
Car -1 -1 -10 692 181 749 219 1.5 1.5 2 0 0 0 0 0.694
Car -1 -1 -10 682 179 733 213 1.5 1.5 2 0 0 0 0 0.661
