Car -1 -1 -10 898 163 1164 243 1.5 1.5 2 0 0 0 0 0.996
Car -1 -1 -10 246 198 372 274 1.5 1.5 2 0 0 0 0 0.993
Car -1 -1 -10 666 181 746 233 1.5 1.5 2 0 0 0 0 0.967
Car -1 -1 -10 12 223 292 377 1.5 1.5 2 0 0 0 0 0.961
Car -1 -1 -10 366 203 436 243 1.5 1.5 2 0 0 0 0 0.915
Car -1 -1 -10 789 167 893 215 1.5 1.5 2 0 0 0 0 0.887
Car -1 -1 -10 838 147 1042 219 1.5 1.5 2 0 0 0 0 0.885
Car -1 -1 -10 373 188 465 238 1.5 1.5 2 0 0 0 0 0.833
Car -1 -1 -10 469 186 507 216 1.5 1.5 2 0 0 0 0 0.810
Car -1 -1 -10 1200 130 1244 190 1.5 1.5 2 0 0 0 0 0.692
