Car -1 -1 -10 591 183 659 233 1.5 1.5 2 0 0 0 0 0.998
Car -1 -1 -10 863 204 1243 382 1.5 1.5 2 0 0 0 0 0.997
Car -1 -1 -10 269 178 467 274 1.5 1.5 2 0 0 0 0 0.992
Car -1 -1 -10 -1 209 147 379 1.5 1.5 2 0 0 0 0 0.992
Car -1 -1 -10 88 184 282 260 1.5 1.5 2 0 0 0 0 0.984
Car -1 -1 -10 2 176 106 220 1.5 1.5 2 0 0 0 0 0.984
Car -1 -1 -10 469 178 553 222 1.5 1.5 2 0 0 0 0 0.964
Car -1 -1 -10 758 171 906 277 1.5 1.5 2 0 0 0 0 0.958
Car -1 -1 -10 421 182 477 244 1.5 1.5 2 0 0 0 0 0.884
Car -1 -1 -10 691 171 739 217 1.5 1.5 2 0 0 0 0 0.831
Car -1 -1 -10 251 174 319 218 1.5 1.5 2 0 0 0 0 0.565
