Car -1 -1 -10 888 180 1238 340 1.5 1.5 2 0 0 0 0 0.998
Car -1 -1 -10 1112 244 1310 376 1.5 1.5 2 0 0 0 0 0.989
Car -1 -1 -10 633 182 701 228 1.5 1.5 2 0 0 0 0 0.984
Car -1 -1 -10 -163 185 99 359 1.5 1.5 2 0 0 0 0 0.936
Car -1 -1 -10 610 176 646 202 1.5 1.5 2 0 0 0 0 0.900
Car -1 -1 -10 219 183 395 229 1.5 1.5 2 0 0 0 0 0.805
Car -1 -1 -10 502 176 524 192 1.5 1.5 2 0 0 0 0 0.711
Car -1 -1 -10 440 180 494 212 1.5 1.5 2 0 0 0 0 0.708
Car -1 -1 -10 455 179 496 205 1.5 1.5 2 0 0 0 0 0.625
Car -1 -1 -10 524 177 540 189 1.5 1.5 2 0 0 0 0 0.571
Car -1 -1 -10 573 170 587 178 1.5 1.5 2 0 0 0 0 0.521
