Car -1 -1 -10 582 175 676 257 1.5 1.5 2 0 0 0 0 0.996
Car -1 -1 -10 750 172 942 258 1.5 1.5 2 0 0 0 0 0.996
Car -1 -1 -10 258 181 356 231 1.5 1.5 2 0 0 0 0 0.992
Car -1 -1 -10 92 177 258 251 1.5 1.5 2 0 0 0 0 0.991
Car -1 -1 -10 2 180 106 284 1.5 1.5 2 0 0 0 0 0.952
Car -1 -1 -10 681 171 767 205 1.5 1.5 2 0 0 0 0 0.915
Car -1 -1 -10 478 172 512 192 1.5 1.5 2 0 0 0 0 0.914
Car -1 -1 -10 401 177 459 205 1.5 1.5 2 0 0 0 0 0.716
Car -1 -1 -10 73 178 133 212 1.5 1.5 2 0 0 0 0 0.616
Car -1 -1 -10 666 175 688 193 1.5 1.5 2 0 0 0 0 0.583
Car -1 -1 -10 523 171 547 187 1.5 1.5 2 0 0 0 0 0.573
