Car -1 -1 -10 4 206 224 378 1.5 1.5 2 0 0 0 0 0.981
Car -1 -1 -10 321 194 445 250 1.5 1.5 2 0 0 0 0 0.964
Car -1 -1 -10 970 219 1236 369 1.5 1.5 2 0 0 0 0 0.963
Car -1 -1 -10 516 180 542 204 1.5 1.5 2 0 0 0 0 0.962
Car -1 -1 -10 426 185 476 231 1.5 1.5 2 0 0 0 0 0.953
Car -1 -1 -10 770 155 848 191 1.5 1.5 2 0 0 0 0 0.944
Car -1 -1 -10 467 182 515 214 1.5 1.5 2 0 0 0 0 0.901
Car -1 -1 -10 1017 143 1087 173 1.5 1.5 2 0 0 0 0 0.826
Car -1 -1 -10 1079 134 1231 186 1.5 1.5 2 0 0 0 0 0.786
Car -1 -1 -10 1048 141 1124 173 1.5 1.5 2 0 0 0 0 0.732
