Car -1 -1 -10 5 175 237 369 1.5 1.5 2 0 0 0 0 0.998
Car -1 -1 -10 747 187 879 267 1.5 1.5 2 0 0 0 0 0.998
Car -1 -1 -10 587 180 661 234 1.5 1.5 2 0 0 0 0 0.995
Car -1 -1 -10 306 174 458 274 1.5 1.5 2 0 0 0 0 0.987
Car -1 -1 -10 705 174 781 228 1.5 1.5 2 0 0 0 0 0.982
Car -1 -1 -10 416 175 522 239 1.5 1.5 2 0 0 0 0 0.968
Car -1 -1 -10 168 177 382 305 1.5 1.5 2 0 0 0 0 0.965
Car -1 -1 -10 504 176 560 206 1.5 1.5 2 0 0 0 0 0.934
Car -1 -1 -10 950 132 1238 368 1.5 1.5 2 0 0 0 0 0.822
Car -1 -1 -10 678 176 714 214 1.5 1.5 2 0 0 0 0 0.548
