Car -1 -1 -10 776 189 1220 373 1.5 1.5 2 0 0 0 0 1.000
Car -1 -1 -10 -4 231 203 369 1.5 1.5 2 0 0 0 0 0.997
Car -1 -1 -10 733 178 881 276 1.5 1.5 2 0 0 0 0 0.994
Car -1 -1 -10 678 182 750 230 1.5 1.5 2 0 0 0 0 0.990
Car -1 -1 -10 164 199 372 291 1.5 1.5 2 0 0 0 0 0.981
Car -1 -1 -10 439 184 499 226 1.5 1.5 2 0 0 0 0 0.968
Car -1 -1 -10 358 188 434 256 1.5 1.5 2 0 0 0 0 0.963
Car -1 -1 -10 496 181 538 205 1.5 1.5 2 0 0 0 0 0.878
Car -1 -1 -10 963 143 1239 327 1.5 1.5 2 0 0 0 0 0.820
Car -1 -1 -10 655 181 691 211 1.5 1.5 2 0 0 0 0 0.800
Car -1 -1 -10 548 173 588 195 1.5 1.5 2 0 0 0 0 0.746
Car -1 -1 -10 6 189 100 233 1.5 1.5 2 0 0 0 0 0.607
