Car -1 -1 -10 815 203 1259 377 1.5 1.5 2 0 0 0 0 0.999
Car -1 -1 -10 740 182 912 284 1.5 1.5 2 0 0 0 0 0.999
Car -1 -1 -10 115 195 357 309 1.5 1.5 2 0 0 0 0 0.995
Car -1 -1 -10 689 183 759 233 1.5 1.5 2 0 0 0 0 0.981
Car -1 -1 -10 429 185 495 227 1.5 1.5 2 0 0 0 0 0.971
Car -1 -1 -10 316 189 426 257 1.5 1.5 2 0 0 0 0 0.954
Car -1 -1 -10 494 181 532 203 1.5 1.5 2 0 0 0 0 0.899
Car -1 -1 -10 656 180 692 210 1.5 1.5 2 0 0 0 0 0.813
Car -1 -1 -10 3 192 67 238 1.5 1.5 2 0 0 0 0 0.781
Car -1 -1 -10 543 171 585 193 1.5 1.5 2 0 0 0 0 0.696
