Car -1 -1 -10 266 183 364 235 1.5 1.5 2 0 0 0 0 0.983
Car -1 -1 -10 352 180 406 222 1.5 1.5 2 0 0 0 0 0.946
Car -1 -1 -10 528 181 554 197 1.5 1.5 2 0 0 0 0 0.899
Car -1 -1 -10 434 180 468 206 1.5 1.5 2 0 0 0 0 0.885
Car -1 -1 -10 995 144 1085 174 1.5 1.5 2 0 0 0 0 0.883
Car -1 -1 -10 927 155 1017 173 1.5 1.5 2 0 0 0 0 0.764
Car -1 -1 -10 680 170 704 188 1.5 1.5 2 0 0 0 0 0.725
Car -1 -1 -10 636 168 658 186 1.5 1.5 2 0 0 0 0 0.717
Car -1 -1 -10 653 174 681 192 1.5 1.5 2 0 0 0 0 0.662
Car -1 -1 -10 1070 147 1168 173 1.5 1.5 2 0 0 0 0 0.655
Car -1 -1 -10 400 184 432 212 1.5 1.5 2 0 0 0 0 0.646
