Car -1 -1 -10 789 167 1193 371 1.5 1.5 2 0 0 0 0 0.996
Car -1 -1 -10 121 180 497 376 1.5 1.5 2 0 0 0 0 0.994
Car -1 -1 -10 482 175 542 235 1.5 1.5 2 0 0 0 0 0.987
Car -1 -1 -10 684 174 742 214 1.5 1.5 2 0 0 0 0 0.977
Car -1 -1 -10 540 168 596 210 1.5 1.5 2 0 0 0 0 0.969
Car -1 -1 -10 833 163 919 205 1.5 1.5 2 0 0 0 0 0.956
Car -1 -1 -10 796 165 858 199 1.5 1.5 2 0 0 0 0 0.858
Car -1 -1 -10 999 266 1235 376 1.5 1.5 2 0 0 0 0 0.852
Car -1 -1 -10 745 160 801 190 1.5 1.5 2 0 0 0 0 0.629
Car -1 -1 -10 456 182 510 242 1.5 1.5 2 0 0 0 0 0.509
