Car -1 -1 -10 90 187 262 257 1.5 1.5 2 0 0 0 0 0.999
Car -1 -1 -10 952 172 1234 364 1.5 1.5 2 0 0 0 0 0.999
Car -1 -1 -10 576 179 716 303 1.5 1.5 2 0 0 0 0 0.996
Car -1 -1 -10 -82 186 71 288 1.5 1.5 2 0 0 0 0 0.971
Car -1 -1 -10 258 177 344 213 1.5 1.5 2 0 0 0 0 0.968
Car -1 -1 -10 711 174 809 220 1.5 1.5 2 0 0 0 0 0.967
Car -1 -1 -10 465 174 497 198 1.5 1.5 2 0 0 0 0 0.803
Car -1 -1 -10 371 181 425 211 1.5 1.5 2 0 0 0 0 0.779
Car -1 -1 -10 520 175 546 191 1.5 1.5 2 0 0 0 0 0.683
Car -1 -1 -10 433 179 473 205 1.5 1.5 2 0 0 0 0 0.667
Car -1 -1 -10 418 178 450 206 1.5 1.5 2 0 0 0 0 0.632
