Car -1 -1 -10 170 201 450 343 1.5 1.5 2 0 0 0 0 0.996
Car -1 -1 -10 779 182 899 274 1.5 1.5 2 0 0 0 0 0.995
Car -1 -1 -10 478 185 572 241 1.5 1.5 2 0 0 0 0 0.994
Car -1 -1 -10 756 185 818 243 1.5 1.5 2 0 0 0 0 0.857
Car -1 -1 -10 682 181 712 197 1.5 1.5 2 0 0 0 0 0.848
Car -1 -1 -10 727 179 769 223 1.5 1.5 2 0 0 0 0 0.832
Car -1 -1 -10 340 192 384 202 1.5 1.5 2 0 0 0 0 0.797
Car -1 -1 -10 697 179 721 199 1.5 1.5 2 0 0 0 0 0.791
Car -1 -1 -10 516 184 581 226 1.5 1.5 2 0 0 0 0 0.696
Car -1 -1 -10 606 181 642 203 1.5 1.5 2 0 0 0 0 0.668
Car -1 -1 -10 566 183 600 219 1.5 1.5 2 0 0 0 0 0.666
Car -1 -1 -10 767 171 791 187 1.5 1.5 2 0 0 0 0 0.612
Car -1 -1 -10 408 190 424 204 1.5 1.5 2 0 0 0 0 0.594
