Car -1 -1 -10 930 247 1232 363 1.5 1.5 2 0 0 0 0 0.997
Car -1 -1 -10 468 185 548 243 1.5 1.5 2 0 0 0 0 0.994
Car -1 -1 -10 644 181 682 213 1.5 1.5 2 0 0 0 0 0.922
Car -1 -1 -10 682 188 786 260 1.5 1.5 2 0 0 0 0 0.901
Car -1 -1 -10 542 185 576 209 1.5 1.5 2 0 0 0 0 0.834
Car -1 -1 -10 573 187 585 197 1.5 1.5 2 0 0 0 0 0.762
Car -1 -1 -10 592 184 604 194 1.5 1.5 2 0 0 0 0 0.641
Car -1 -1 -10 634 180 670 204 1.5 1.5 2 0 0 0 0 0.542
Car -1 -1 -10 622 183 638 197 1.5 1.5 2 0 0 0 0 0.539
Car -1 -1 -10 610 182 620 188 1.5 1.5 2 0 0 0 0 0.513
