Car -1 -1 -10 -2 202 148 296 1.5 1.5 2 0 0 0 0 0.998
Car -1 -1 -10 730 177 862 243 1.5 1.5 2 0 0 0 0 0.992
Car -1 -1 -10 309 187 393 229 1.5 1.5 2 0 0 0 0 0.969
Car -1 -1 -10 439 184 499 220 1.5 1.5 2 0 0 0 0 0.946
Car -1 -1 -10 594 186 680 260 1.5 1.5 2 0 0 0 0 0.922
Car -1 -1 -10 683 183 743 217 1.5 1.5 2 0 0 0 0 0.793
Car -1 -1 -10 187 190 281 228 1.5 1.5 2 0 0 0 0 0.706
Car -1 -1 -10 387 185 443 217 1.5 1.5 2 0 0 0 0 0.666
Car -1 -1 -10 587 187 603 203 1.5 1.5 2 0 0 0 0 0.643
Car -1 -1 -10 667 184 697 206 1.5 1.5 2 0 0 0 0 0.503
