Car -1 -1 -10 929 185 1237 331 1.5 1.5 2 0 0 0 0 0.999
Car -1 -1 -10 211 184 431 250 1.5 1.5 2 0 0 0 0 0.992
Car -1 -1 -10 13 197 265 329 1.5 1.5 2 0 0 0 0 0.991
Car -1 -1 -10 656 188 724 230 1.5 1.5 2 0 0 0 0 0.988
Car -1 -1 -10 553 179 581 199 1.5 1.5 2 0 0 0 0 0.900
Car -1 -1 -10 -4 231 207 371 1.5 1.5 2 0 0 0 0 0.893
Car -1 -1 -10 469 180 523 212 1.5 1.5 2 0 0 0 0 0.761
Car -1 -1 -10 513 179 551 199 1.5 1.5 2 0 0 0 0 0.657
Car -1 -1 -10 649 184 673 206 1.5 1.5 2 0 0 0 0 0.570
Car -1 -1 -10 337 172 481 226 1.5 1.5 2 0 0 0 0 0.559
Car -1 -1 -10 636 181 656 197 1.5 1.5 2 0 0 0 0 0.532
