Car -1 -1 -10 365 181 519 269 1.5 1.5 2 0 0 0 0 0.998
Car -1 -1 -10 803 191 1147 363 1.5 1.5 2 0 0 0 0 0.997
Car -1 -1 -10 768 179 880 281 1.5 1.5 2 0 0 0 0 0.996
Car -1 -1 -10 611 175 689 221 1.5 1.5 2 0 0 0 0 0.988
Car -1 -1 -10 694 170 722 196 1.5 1.5 2 0 0 0 0 0.936
Car -1 -1 -10 821 165 851 179 1.5 1.5 2 0 0 0 0 0.911
Car -1 -1 -10 -2 173 314 371 1.5 1.5 2 0 0 0 0 0.885
Car -1 -1 -10 725 165 761 187 1.5 1.5 2 0 0 0 0 0.813
Car -1 -1 -10 1009 151 1071 195 1.5 1.5 2 0 0 0 0 0.803
Car -1 -1 -10 932 148 1010 188 1.5 1.5 2 0 0 0 0 0.749
Car -1 -1 -10 881 156 937 182 1.5 1.5 2 0 0 0 0 0.580
