Car -1 -1 -10 5 198 241 342 1.5 1.5 2 0 0 0 0 0.941
Car -1 -1 -10 -5 208 77 372 1.5 1.5 2 0 0 0 0 0.933
Car -1 -1 -10 431 172 495 216 1.5 1.5 2 0 0 0 0 0.752
Car -1 -1 -10 673 184 746 232 1.5 1.5 2 0 0 0 0 0.733
Car -1 -1 -10 646 180 676 208 1.5 1.5 2 0 0 0 0 0.722
Car -1 -1 -10 712 170 918 310 1.5 1.5 2 0 0 0 0 0.650
Car -1 -1 -10 679 182 741 238 1.5 1.5 2 0 0 0 0 0.597
Car -1 -1 -10 207 187 343 269 1.5 1.5 2 0 0 0 0 0.577
Car -1 -1 -10 237 166 389 252 1.5 1.5 2 0 0 0 0 0.572
Car -1 -1 -10 359 167 453 237 1.5 1.5 2 0 0 0 0 0.565
Car -1 -1 -10 120 195 300 275 1.5 1.5 2 0 0 0 0 0.540
