Car -1 -1 -10 583 184 617 212 1.5 1.5 2 0 0 0 0 0.924
Car -1 -1 -10 1127 181 1169 203 1.5 1.5 2 0 0 0 0 0.903
Car -1 -1 -10 976 182 1012 200 1.5 1.5 2 0 0 0 0 0.863
Car -1 -1 -10 1084 183 1130 203 1.5 1.5 2 0 0 0 0 0.855
Car -1 -1 -10 1008 182 1056 198 1.5 1.5 2 0 0 0 0 0.831
Car -1 -1 -10 1157 181 1217 203 1.5 1.5 2 0 0 0 0 0.784
Car -1 -1 -10 1220 184 1240 200 1.5 1.5 2 0 0 0 0 0.744
Car -1 -1 -10 745 179 773 189 1.5 1.5 2 0 0 0 0 0.692
Car -1 -1 -10 765 179 787 189 1.5 1.5 2 0 0 0 0 0.676
Car -1 -1 -10 798 180 824 190 1.5 1.5 2 0 0 0 0 0.672
Car -1 -1 -10 697 178 719 188 1.5 1.5 2 0 0 0 0 0.666
Car -1 -1 -10 76 206 110 222 1.5 1.5 2 0 0 0 0 0.628
Car -1 -1 -10 325 186 353 202 1.5 1.5 2 0 0 0 0 0.594
Car -1 -1 -10 733 179 755 187 1.5 1.5 2 0 0 0 0 0.548
