Car -1 -1 -10 1071 208 1237 370 1.5 1.5 2 0 0 0 0 0.998
Car -1 -1 -10 14 168 274 302 1.5 1.5 2 0 0 0 0 0.995
Car -1 -1 -10 840 189 1028 287 1.5 1.5 2 0 0 0 0 0.995
Car -1 -1 -10 970 190 1184 336 1.5 1.5 2 0 0 0 0 0.991
Car -1 -1 -10 628 181 684 219 1.5 1.5 2 0 0 0 0 0.987
Car -1 -1 -10 776 184 944 264 1.5 1.5 2 0 0 0 0 0.985
Car -1 -1 -10 325 178 471 210 1.5 1.5 2 0 0 0 0 0.892
Car -1 -1 -10 402 180 470 208 1.5 1.5 2 0 0 0 0 0.739
Car -1 -1 -10 202 181 334 269 1.5 1.5 2 0 0 0 0 0.673
Car -1 -1 -10 503 174 527 194 1.5 1.5 2 0 0 0 0 0.662
Car -1 -1 -10 617 177 653 201 1.5 1.5 2 0 0 0 0 0.621
Car -1 -1 -10 519 175 539 191 1.5 1.5 2 0 0 0 0 0.600
Car -1 -1 -10 539 174 557 186 1.5 1.5 2 0 0 0 0 0.559
