Car -1 -1 -10 805 183 1077 335 1.5 1.5 2 0 0 0 0 0.995
Car -1 -1 -10 -10 196 320 360 1.5 1.5 2 0 0 0 0 0.994
Car -1 -1 -10 747 183 859 261 1.5 1.5 2 0 0 0 0 0.991
Car -1 -1 -10 1037 227 1237 367 1.5 1.5 2 0 0 0 0 0.989
Car -1 -1 -10 411 187 479 241 1.5 1.5 2 0 0 0 0 0.988
Car -1 -1 -10 501 179 555 207 1.5 1.5 2 0 0 0 0 0.980
Car -1 -1 -10 301 192 433 274 1.5 1.5 2 0 0 0 0 0.980
Car -1 -1 -10 712 177 776 237 1.5 1.5 2 0 0 0 0 0.963
Car -1 -1 -10 692 179 726 217 1.5 1.5 2 0 0 0 0 0.687
Car -1 -1 -10 707 179 774 223 1.5 1.5 2 0 0 0 0 0.626
Car -1 -1 -10 580 175 614 187 1.5 1.5 2 0 0 0 0 0.504
