Car -1 -1 -10 1076 188 1228 244 1.5 1.5 2 0 0 0 0 0.994
Car -1 -1 -10 77 206 177 248 1.5 1.5 2 0 0 0 0 0.993
Car -1 -1 -10 185 202 279 240 1.5 1.5 2 0 0 0 0 0.984
Car -1 -1 -10 573 178 663 270 1.5 1.5 2 0 0 0 0 0.966
Car -1 -1 -10 320 196 348 218 1.5 1.5 2 0 0 0 0 0.908
Car -1 -1 -10 349 193 407 221 1.5 1.5 2 0 0 0 0 0.861
Car -1 -1 -10 289 200 325 222 1.5 1.5 2 0 0 0 0 0.730
Car -1 -1 -10 408 189 432 209 1.5 1.5 2 0 0 0 0 0.730
Car -1 -1 -10 456 190 474 198 1.5 1.5 2 0 0 0 0 0.622
Car -1 -1 -10 436 192 458 202 1.5 1.5 2 0 0 0 0 0.615
