Car -1 -1 -10 10 212 412 370 1.5 1.5 2 0 0 0 0 0.997
Car -1 -1 -10 732 190 932 324 1.5 1.5 2 0 0 0 0 0.990
Car -1 -1 -10 851 242 1229 366 1.5 1.5 2 0 0 0 0 0.987
Car -1 -1 -10 686 188 768 260 1.5 1.5 2 0 0 0 0 0.981
Car -1 -1 -10 344 198 492 316 1.5 1.5 2 0 0 0 0 0.979
Car -1 -1 -10 507 186 559 226 1.5 1.5 2 0 0 0 0 0.954
Car -1 -1 -10 615 180 641 202 1.5 1.5 2 0 0 0 0 0.949
Car -1 -1 -10 561 179 605 207 1.5 1.5 2 0 0 0 0 0.804
Car -1 -1 -10 664 185 696 201 1.5 1.5 2 0 0 0 0 0.791
Car -1 -1 -10 647 182 667 198 1.5 1.5 2 0 0 0 0 0.662
Car -1 -1 -10 516 172 582 216 1.5 1.5 2 0 0 0 0 0.587
