Car -1 -1 -10 39 188 239 266 1.5 1.5 2 0 0 0 0 0.998
Car -1 -1 -10 1121 177 1401 363 1.5 1.5 2 0 0 0 0 0.981
Car -1 -1 -10 718 172 832 224 1.5 1.5 2 0 0 0 0 0.960
Car -1 -1 -10 240 174 326 214 1.5 1.5 2 0 0 0 0 0.960
Car -1 -1 -10 347 180 421 214 1.5 1.5 2 0 0 0 0 0.908
Car -1 -1 -10 551 175 575 193 1.5 1.5 2 0 0 0 0 0.898
Car -1 -1 -10 578 182 744 340 1.5 1.5 2 0 0 0 0 0.771
Car -1 -1 -10 521 176 547 192 1.5 1.5 2 0 0 0 0 0.661
Car -1 -1 -10 604 172 624 182 1.5 1.5 2 0 0 0 0 0.635
Car -1 -1 -10 402 176 456 208 1.5 1.5 2 0 0 0 0 0.616
Car -1 -1 -10 463 175 501 195 1.5 1.5 2 0 0 0 0 0.526
