Car -1 -1 -10 762 190 878 266 1.5 1.5 2 0 0 0 0 0.993
Car -1 -1 -10 489 187 547 225 1.5 1.5 2 0 0 0 0 0.982
Car -1 -1 -10 726 184 798 242 1.5 1.5 2 0 0 0 0 0.975
Car -1 -1 -10 -4 231 88 373 1.5 1.5 2 0 0 0 0 0.950
Car -1 -1 -10 534 186 564 212 1.5 1.5 2 0 0 0 0 0.858
Car -1 -1 -10 577 184 603 200 1.5 1.5 2 0 0 0 0 0.794
Car -1 -1 -10 691 184 725 218 1.5 1.5 2 0 0 0 0 0.739
Car -1 -1 -10 553 190 571 208 1.5 1.5 2 0 0 0 0 0.589
Car -1 -1 -10 649 181 671 191 1.5 1.5 2 0 0 0 0 0.566
Car -1 -1 -10 686 184 725 210 1.5 1.5 2 0 0 0 0 0.561
Car -1 -1 -10 710 188 767 226 1.5 1.5 2 0 0 0 0 0.539
