Car -1 -1 -10 1020 192 1236 366 1.5 1.5 2 0 0 0 0 0.999
Car -1 -1 -10 31 173 305 289 1.5 1.5 2 0 0 0 0 0.995
Car -1 -1 -10 823 186 989 278 1.5 1.5 2 0 0 0 0 0.994
Car -1 -1 -10 941 191 1073 303 1.5 1.5 2 0 0 0 0 0.994
Car -1 -1 -10 -170 194 82 362 1.5 1.5 2 0 0 0 0 0.987
Car -1 -1 -10 766 177 904 253 1.5 1.5 2 0 0 0 0 0.983
Car -1 -1 -10 628 181 682 217 1.5 1.5 2 0 0 0 0 0.981
Car -1 -1 -10 335 179 467 207 1.5 1.5 2 0 0 0 0 0.925
Car -1 -1 -10 517 175 539 191 1.5 1.5 2 0 0 0 0 0.660
Car -1 -1 -10 417 180 479 206 1.5 1.5 2 0 0 0 0 0.650
Car -1 -1 -10 210 170 350 254 1.5 1.5 2 0 0 0 0 0.605
Car -1 -1 -10 554 173 570 183 1.5 1.5 2 0 0 0 0 0.597
Car -1 -1 -10 573 171 587 179 1.5 1.5 2 0 0 0 0 0.531
