Car -1 -1 -10 795 184 1053 318 1.5 1.5 2 0 0 0 0 0.999
Car -1 -1 -10 209 187 427 343 1.5 1.5 2 0 0 0 0 0.998
Car -1 -1 -10 2 209 228 375 1.5 1.5 2 0 0 0 0 0.995
Car -1 -1 -10 746 177 836 249 1.5 1.5 2 0 0 0 0 0.992
Car -1 -1 -10 645 172 711 204 1.5 1.5 2 0 0 0 0 0.978
Car -1 -1 -10 1094 251 1240 373 1.5 1.5 2 0 0 0 0 0.976
Car -1 -1 -10 508 175 590 227 1.5 1.5 2 0 0 0 0 0.963
Car -1 -1 -10 710 167 738 189 1.5 1.5 2 0 0 0 0 0.896
Car -1 -1 -10 891 150 953 184 1.5 1.5 2 0 0 0 0 0.882
Car -1 -1 -10 401 176 503 254 1.5 1.5 2 0 0 0 0 0.843
Car -1 -1 -10 822 167 860 191 1.5 1.5 2 0 0 0 0 0.740
