Car -1 -1 -10 831 177 1239 375 1.5 1.5 2 0 0 0 0 0.988
Car -1 -1 -10 -2 222 154 370 1.5 1.5 2 0 0 0 0 0.986
Car -1 -1 -10 368 180 434 238 1.5 1.5 2 0 0 0 0 0.982
Car -1 -1 -10 688 165 772 189 1.5 1.5 2 0 0 0 0 0.937
Car -1 -1 -10 520 178 562 204 1.5 1.5 2 0 0 0 0 0.877
Car -1 -1 -10 491 181 525 203 1.5 1.5 2 0 0 0 0 0.862
Car -1 -1 -10 435 183 487 217 1.5 1.5 2 0 0 0 0 0.848
Car -1 -1 -10 1049 151 1221 195 1.5 1.5 2 0 0 0 0 0.669
Car -1 -1 -10 217 178 379 270 1.5 1.5 2 0 0 0 0 0.660
Car -1 -1 -10 632 175 658 191 1.5 1.5 2 0 0 0 0 0.646
