Car -1 -1 -10 889 200 1239 380 1.5 1.5 2 0 0 0 0 0.998
Car -1 -1 -10 256 179 484 293 1.5 1.5 2 0 0 0 0 0.995
Car -1 -1 -10 784 184 962 298 1.5 1.5 2 0 0 0 0 0.989
Car -1 -1 -10 592 173 688 227 1.5 1.5 2 0 0 0 0 0.982
Car -1 -1 -10 664 168 708 196 1.5 1.5 2 0 0 0 0 0.907
Car -1 -1 -10 711 165 739 189 1.5 1.5 2 0 0 0 0 0.864
Car -1 -1 -10 -190 163 125 373 1.5 1.5 2 0 0 0 0 0.762
Car -1 -1 -10 713 156 765 188 1.5 1.5 2 0 0 0 0 0.723
Car -1 -1 -10 813 166 867 188 1.5 1.5 2 0 0 0 0 0.593
Car -1 -1 -10 184 187 220 203 1.5 1.5 2 0 0 0 0 0.567
Car -1 -1 -10 465 179 495 187 1.5 1.5 2 0 0 0 0 0.520
Car -1 -1 -10 956 145 1046 199 1.5 1.5 2 0 0 0 0 0.512
