Car -1 -1 -10 4 189 250 371 1.5 1.5 2 0 0 0 0 0.998
Car -1 -1 -10 594 179 660 231 1.5 1.5 2 0 0 0 0 0.997
Car -1 -1 -10 380 178 524 234 1.5 1.5 2 0 0 0 0 0.995
Car -1 -1 -10 173 181 369 303 1.5 1.5 2 0 0 0 0 0.981
Car -1 -1 -10 852 176 1248 378 1.5 1.5 2 0 0 0 0 0.962
Car -1 -1 -10 729 181 793 235 1.5 1.5 2 0 0 0 0 0.939
Car -1 -1 -10 486 174 546 208 1.5 1.5 2 0 0 0 0 0.878
Car -1 -1 -10 766 187 896 273 1.5 1.5 2 0 0 0 0 0.810
Car -1 -1 -10 709 169 773 221 1.5 1.5 2 0 0 0 0 0.771
Car -1 -1 -10 770 171 838 191 1.5 1.5 2 0 0 0 0 0.562
Car -1 -1 -10 567 169 597 191 1.5 1.5 2 0 0 0 0 0.527
