Car -1 -1 -10 199 184 339 224 1.5 1.5 2 0 0 0 0 0.970
Car -1 -1 -10 435 177 519 209 1.5 1.5 2 0 0 0 0 0.963
Car -1 -1 -10 617 175 645 191 1.5 1.5 2 0 0 0 0 0.898
Car -1 -1 -10 302 169 398 209 1.5 1.5 2 0 0 0 0 0.889
Car -1 -1 -10 530 178 566 192 1.5 1.5 2 0 0 0 0 0.798
Car -1 -1 -10 664 173 690 189 1.5 1.5 2 0 0 0 0 0.756
Car -1 -1 -10 650 177 670 191 1.5 1.5 2 0 0 0 0 0.696
Car -1 -1 -10 1163 170 1199 182 1.5 1.5 2 0 0 0 0 0.678
Car -1 -1 -10 1010 171 1038 181 1.5 1.5 2 0 0 0 0 0.610
Car -1 -1 -10 569 177 621 201 1.5 1.5 2 0 0 0 0 0.577
Car -1 -1 -10 743 171 801 193 1.5 1.5 2 0 0 0 0 0.567
Car -1 -1 -10 683 175 703 189 1.5 1.5 2 0 0 0 0 0.543
