Car -1 -1 -10 890 209 1234 373 1.5 1.5 2 0 0 0 0 0.993
Car -1 -1 -10 798 185 1048 347 1.5 1.5 2 0 0 0 0 0.993
Car -1 -1 -10 262 186 534 346 1.5 1.5 2 0 0 0 0 0.974
Car -1 -1 -10 701 178 753 216 1.5 1.5 2 0 0 0 0 0.964
Car -1 -1 -10 490 183 564 231 1.5 1.5 2 0 0 0 0 0.950
Car -1 -1 -10 563 170 619 208 1.5 1.5 2 0 0 0 0 0.928
Car -1 -1 -10 317 190 357 202 1.5 1.5 2 0 0 0 0 0.744
Car -1 -1 -10 1092 142 1236 222 1.5 1.5 2 0 0 0 0 0.740
Car -1 -1 -10 1 203 21 221 1.5 1.5 2 0 0 0 0 0.725
Car -1 -1 -10 937 148 1117 232 1.5 1.5 2 0 0 0 0 0.693
Car -1 -1 -10 828 169 924 195 1.5 1.5 2 0 0 0 0 0.685
Car -1 -1 -10 812 171 870 199 1.5 1.5 2 0 0 0 0 0.589
Car -1 -1 -10 763 169 819 193 1.5 1.5 2 0 0 0 0 0.584
Car -1 -1 -10 271 193 295 203 1.5 1.5 2 0 0 0 0 0.513
Car -1 -1 -10 587 173 623 197 1.5 1.5 2 0 0 0 0 0.503
