Car -1 -1 -10 64 208 242 288 1.5 1.5 2 0 0 0 0 0.997
Car -1 -1 -10 -2 203 187 329 1.5 1.5 2 0 0 0 0 0.978
Car -1 -1 -10 147 191 285 265 1.5 1.5 2 0 0 0 0 0.976
Car -1 -1 -10 340 188 424 236 1.5 1.5 2 0 0 0 0 0.916
Car -1 -1 -10 651 184 677 198 1.5 1.5 2 0 0 0 0 0.838
Car -1 -1 -10 485 187 515 207 1.5 1.5 2 0 0 0 0 0.825
Car -1 -1 -10 621 183 639 193 1.5 1.5 2 0 0 0 0 0.731
Car -1 -1 -10 522 188 540 200 1.5 1.5 2 0 0 0 0 0.639
Car -1 -1 -10 249 185 369 247 1.5 1.5 2 0 0 0 0 0.604
Car -1 -1 -10 552 186 568 194 1.5 1.5 2 0 0 0 0 0.558
Car -1 -1 -10 538 188 556 196 1.5 1.5 2 0 0 0 0 0.528
Car -1 -1 -10 1032 151 1216 195 1.5 1.5 2 0 0 0 0 0.521
