Car -1 -1 -10 789 188 1125 352 1.5 1.5 2 0 0 0 0 1.000
Car -1 -1 -10 749 180 867 268 1.5 1.5 2 0 0 0 0 0.990
Car -1 -1 -10 423 182 495 228 1.5 1.5 2 0 0 0 0 0.990
Car -1 -1 -10 1011 234 1231 368 1.5 1.5 2 0 0 0 0 0.977
Car -1 -1 -10 710 180 778 238 1.5 1.5 2 0 0 0 0 0.971
Car -1 -1 -10 481 182 517 214 1.5 1.5 2 0 0 0 0 0.918
Car -1 -1 -10 584 177 616 189 1.5 1.5 2 0 0 0 0 0.895
Car -1 -1 -10 1058 177 1154 221 1.5 1.5 2 0 0 0 0 0.785
Car -1 -1 -10 0 203 294 381 1.5 1.5 2 0 0 0 0 0.697
Car -1 -1 -10 1153 172 1241 226 1.5 1.5 2 0 0 0 0 0.675
Car -1 -1 -10 682 176 704 190 1.5 1.5 2 0 0 0 0 0.538
Car -1 -1 -10 698 175 754 227 1.5 1.5 2 0 0 0 0 0.515
