Car -1 -1 -10 923 163 1233 345 1.5 1.5 2 0 0 0 0 0.997
Car -1 -1 -10 640 179 716 231 1.5 1.5 2 0 0 0 0 0.990
Car -1 -1 -10 169 185 381 235 1.5 1.5 2 0 0 0 0 0.837
Car -1 -1 -10 431 176 493 212 1.5 1.5 2 0 0 0 0 0.779
Car -1 -1 -10 501 174 525 192 1.5 1.5 2 0 0 0 0 0.763
Car -1 -1 -10 616 170 664 200 1.5 1.5 2 0 0 0 0 0.652
Car -1 -1 -10 554 171 570 181 1.5 1.5 2 0 0 0 0 0.638
Car -1 -1 -10 601 168 619 184 1.5 1.5 2 0 0 0 0 0.633
Car -1 -1 -10 310 173 440 227 1.5 1.5 2 0 0 0 0 0.629
Car -1 -1 -10 488 175 512 193 1.5 1.5 2 0 0 0 0 0.586
Car -1 -1 -10 521 173 541 187 1.5 1.5 2 0 0 0 0 0.569
Car -1 -1 -10 447 174 495 206 1.5 1.5 2 0 0 0 0 0.532
Car -1 -1 -10 365 178 433 238 1.5 1.5 2 0 0 0 0 0.531
