Car -1 -1 -10 715 182 865 280 1.5 1.5 2 0 0 0 0 0.998
Car -1 -1 -10 8 204 204 268 1.5 1.5 2 0 0 0 0 0.997
Car -1 -1 -10 1021 252 1235 370 1.5 1.5 2 0 0 0 0 0.991
Car -1 -1 -10 601 183 625 201 1.5 1.5 2 0 0 0 0 0.965
Car -1 -1 -10 664 183 704 213 1.5 1.5 2 0 0 0 0 0.899
Car -1 -1 -10 478 183 510 207 1.5 1.5 2 0 0 0 0 0.838
Car -1 -1 -10 651 185 679 203 1.5 1.5 2 0 0 0 0 0.766
Car -1 -1 -10 701 182 761 238 1.5 1.5 2 0 0 0 0 0.655
Car -1 -1 -10 640 184 654 196 1.5 1.5 2 0 0 0 0 0.632
Car -1 -1 -10 466 186 498 210 1.5 1.5 2 0 0 0 0 0.510
