Car -1 -1 -10 928 148 1246 330 1.5 1.5 2 0 0 0 0 0.998
Car -1 -1 -10 829 145 979 197 1.5 1.5 2 0 0 0 0 0.987
Car -1 -1 -10 376 177 522 273 1.5 1.5 2 0 0 0 0 0.960
Car -1 -1 -10 335 179 423 255 1.5 1.5 2 0 0 0 0 0.949
Car -1 -1 -10 570 168 596 182 1.5 1.5 2 0 0 0 0 0.902
Car -1 -1 -10 656 169 708 201 1.5 1.5 2 0 0 0 0 0.901
Car -1 -1 -10 506 177 539 199 1.5 1.5 2 0 0 0 0 0.853
Car -1 -1 -10 632 175 656 193 1.5 1.5 2 0 0 0 0 0.844
Car -1 -1 -10 601 174 635 202 1.5 1.5 2 0 0 0 0 0.774
Car -1 -1 -10 979 142 1061 182 1.5 1.5 2 0 0 0 0 0.700
Car -1 -1 -10 580 170 600 180 1.5 1.5 2 0 0 0 0 0.611
