Car -1 -1 -10 904 192 1240 322 1.5 1.5 2 0 0 0 0 0.998
Car -1 -1 -10 806 186 994 246 1.5 1.5 2 0 0 0 0 0.997
Car -1 -1 -10 61 182 359 280 1.5 1.5 2 0 0 0 0 0.994
Car -1 -1 -10 296 177 444 247 1.5 1.5 2 0 0 0 0 0.987
Car -1 -1 -10 787 178 859 234 1.5 1.5 2 0 0 0 0 0.962
Car -1 -1 -10 701 179 787 217 1.5 1.5 2 0 0 0 0 0.946
Car -1 -1 -10 386 175 480 237 1.5 1.5 2 0 0 0 0 0.879
Car -1 -1 -10 -3 184 145 354 1.5 1.5 2 0 0 0 0 0.831
Car -1 -1 -10 -2 223 74 369 1.5 1.5 2 0 0 0 0 0.815
Car -1 -1 -10 483 175 541 205 1.5 1.5 2 0 0 0 0 0.623
