Car -1 -1 -10 734 159 848 207 1.5 1.5 2 0 0 0 0 0.993
Car -1 -1 -10 983 146 1093 174 1.5 1.5 2 0 0 0 0 0.986
Car -1 -1 -10 506 175 548 207 1.5 1.5 2 0 0 0 0 0.971
Car -1 -1 -10 1141 140 1205 178 1.5 1.5 2 0 0 0 0 0.964
Car -1 -1 -10 666 168 694 186 1.5 1.5 2 0 0 0 0 0.944
Car -1 -1 -10 581 171 607 189 1.5 1.5 2 0 0 0 0 0.941
Car -1 -1 -10 554 174 572 192 1.5 1.5 2 0 0 0 0 0.915
Car -1 -1 -10 920 151 958 171 1.5 1.5 2 0 0 0 0 0.794
Car -1 -1 -10 650 170 668 186 1.5 1.5 2 0 0 0 0 0.755
Car -1 -1 -10 638 171 654 185 1.5 1.5 2 0 0 0 0 0.689
Car -1 -1 -10 622 172 644 188 1.5 1.5 2 0 0 0 0 0.687
Car -1 -1 -10 957 145 1021 173 1.5 1.5 2 0 0 0 0 0.590
Car -1 -1 -10 529 175 559 195 1.5 1.5 2 0 0 0 0 0.582
Car -1 -1 -10 883 149 923 171 1.5 1.5 2 0 0 0 0 0.503
