Car -1 -1 -10 410 190 484 232 1.5 1.5 2 0 0 0 0 0.991
Car -1 -1 -10 979 142 1229 224 1.5 1.5 2 0 0 0 0 0.990
Car -1 -1 -10 318 196 416 258 1.5 1.5 2 0 0 0 0 0.988
Car -1 -1 -10 152 208 328 310 1.5 1.5 2 0 0 0 0 0.984
Car -1 -1 -10 688 177 770 235 1.5 1.5 2 0 0 0 0 0.951
Car -1 -1 -10 937 140 1071 212 1.5 1.5 2 0 0 0 0 0.934
Car -1 -1 -10 816 154 980 206 1.5 1.5 2 0 0 0 0 0.914
Car -1 -1 -10 661 179 687 209 1.5 1.5 2 0 0 0 0 0.805
Car -1 -1 -10 -1 221 171 371 1.5 1.5 2 0 0 0 0 0.774
Car -1 -1 -10 650 178 676 206 1.5 1.5 2 0 0 0 0 0.616
Car -1 -1 -10 499 183 531 207 1.5 1.5 2 0 0 0 0 0.600
Car -1 -1 -10 519 183 549 201 1.5 1.5 2 0 0 0 0 0.569
