Car -1 -1 -10 732 163 878 215 1.5 1.5 2 0 0 0 0 0.995
Car -1 -1 -10 1016 147 1120 177 1.5 1.5 2 0 0 0 0 0.993
Car -1 -1 -10 489 178 537 212 1.5 1.5 2 0 0 0 0 0.982
Car -1 -1 -10 564 172 594 196 1.5 1.5 2 0 0 0 0 0.963
Car -1 -1 -10 971 148 1033 174 1.5 1.5 2 0 0 0 0 0.915
Car -1 -1 -10 663 170 691 190 1.5 1.5 2 0 0 0 0 0.897
Car -1 -1 -10 504 177 546 205 1.5 1.5 2 0 0 0 0 0.761
Car -1 -1 -10 618 172 644 190 1.5 1.5 2 0 0 0 0 0.758
Car -1 -1 -10 634 173 658 189 1.5 1.5 2 0 0 0 0 0.739
Car -1 -1 -10 519 178 554 200 1.5 1.5 2 0 0 0 0 0.718
Car -1 -1 -10 1176 136 1242 180 1.5 1.5 2 0 0 0 0 0.706
Car -1 -1 -10 754 153 830 177 1.5 1.5 2 0 0 0 0 0.562
