Car -1 -1 -10 -5 181 225 297 1.5 1.5 2 0 0 0 0 0.992
Car -1 -1 -10 698 192 812 264 1.5 1.5 2 0 0 0 0 0.990
Car -1 -1 -10 256 193 444 301 1.5 1.5 2 0 0 0 0 0.981
Car -1 -1 -10 436 182 506 236 1.5 1.5 2 0 0 0 0 0.939
Car -1 -1 -10 652 184 702 220 1.5 1.5 2 0 0 0 0 0.891
Car -1 -1 -10 617 179 643 199 1.5 1.5 2 0 0 0 0 0.778
Car -1 -1 -10 539 184 553 198 1.5 1.5 2 0 0 0 0 0.758
Car -1 -1 -10 582 182 608 200 1.5 1.5 2 0 0 0 0 0.724
Car -1 -1 -10 389 184 439 218 1.5 1.5 2 0 0 0 0 0.718
Car -1 -1 -10 506 186 538 206 1.5 1.5 2 0 0 0 0 0.540
