Car -1 -1 -10 156 172 546 308 1.5 1.5 2 0 0 0 0 0.999
Car -1 -1 -10 693 180 815 240 1.5 1.5 2 0 0 0 0 0.997
Car -1 -1 -10 824 172 896 210 1.5 1.5 2 0 0 0 0 0.991
Car -1 -1 -10 1104 184 1236 314 1.5 1.5 2 0 0 0 0 0.985
Car -1 -1 -10 1049 172 1157 236 1.5 1.5 2 0 0 0 0 0.871
Car -1 -1 -10 938 168 980 188 1.5 1.5 2 0 0 0 0 0.832
Car -1 -1 -10 903 166 933 196 1.5 1.5 2 0 0 0 0 0.768
Car -1 -1 -10 1101 166 1173 186 1.5 1.5 2 0 0 0 0 0.732
Car -1 -1 -10 639 172 675 184 1.5 1.5 2 0 0 0 0 0.724
Car -1 -1 -10 798 173 818 183 1.5 1.5 2 0 0 0 0 0.502
