Car -1 -1 -10 729 190 961 312 1.5 1.5 2 0 0 0 0 0.998
Car -1 -1 -10 170 192 406 266 1.5 1.5 2 0 0 0 0 0.998
Car -1 -1 -10 3 189 207 349 1.5 1.5 2 0 0 0 0 0.996
Car -1 -1 -10 688 184 766 232 1.5 1.5 2 0 0 0 0 0.980
Car -1 -1 -10 0 216 231 370 1.5 1.5 2 0 0 0 0 0.883
Car -1 -1 -10 639 174 653 188 1.5 1.5 2 0 0 0 0 0.873
Car -1 -1 -10 653 174 693 206 1.5 1.5 2 0 0 0 0 0.859
Car -1 -1 -10 308 176 448 224 1.5 1.5 2 0 0 0 0 0.666
Car -1 -1 -10 485 173 545 209 1.5 1.5 2 0 0 0 0 0.659
Car -1 -1 -10 434 180 496 220 1.5 1.5 2 0 0 0 0 0.528
