Car -1 -1 -10 329 200 501 314 1.5 1.5 2 0 0 0 0 0.998
Car -1 -1 -10 563 181 615 219 1.5 1.5 2 0 0 0 0 0.992
Car -1 -1 -10 646 183 702 227 1.5 1.5 2 0 0 0 0 0.991
Car -1 -1 -10 51 194 269 294 1.5 1.5 2 0 0 0 0 0.988
Car -1 -1 -10 212 176 288 214 1.5 1.5 2 0 0 0 0 0.981
Car -1 -1 -10 -1 176 35 246 1.5 1.5 2 0 0 0 0 0.954
Car -1 -1 -10 422 183 526 265 1.5 1.5 2 0 0 0 0 0.939
Car -1 -1 -10 346 178 422 210 1.5 1.5 2 0 0 0 0 0.816
Car -1 -1 -10 631 181 657 209 1.5 1.5 2 0 0 0 0 0.797
Car -1 -1 -10 309 177 397 217 1.5 1.5 2 0 0 0 0 0.794
