Car -1 -1 -10 376 180 460 232 1.5 1.5 2 0 0 0 0 0.996
Car -1 -1 -10 103 196 209 262 1.5 1.5 2 0 0 0 0 0.994
Car -1 -1 -10 0 202 154 356 1.5 1.5 2 0 0 0 0 0.994
Car -1 -1 -10 693 180 771 232 1.5 1.5 2 0 0 0 0 0.990
Car -1 -1 -10 1154 163 1242 369 1.5 1.5 2 0 0 0 0 0.978
Car -1 -1 -10 338 183 400 219 1.5 1.5 2 0 0 0 0 0.975
Car -1 -1 -10 194 180 304 244 1.5 1.5 2 0 0 0 0 0.960
Car -1 -1 -10 587 178 657 238 1.5 1.5 2 0 0 0 0 0.932
Car -1 -1 -10 755 177 889 257 1.5 1.5 2 0 0 0 0 0.843
Car -1 -1 -10 476 180 512 206 1.5 1.5 2 0 0 0 0 0.809
