Car -1 -1 -10 834 194 1164 368 1.5 1.5 2 0 0 0 0 1.000
Car -1 -1 -10 443 186 521 232 1.5 1.5 2 0 0 0 0 0.995
Car -1 -1 -10 728 182 794 242 1.5 1.5 2 0 0 0 0 0.985
Car -1 -1 -10 764 182 902 274 1.5 1.5 2 0 0 0 0 0.969
Car -1 -1 -10 557 182 593 200 1.5 1.5 2 0 0 0 0 0.950
Car -1 -1 -10 710 181 774 223 1.5 1.5 2 0 0 0 0 0.867
Car -1 -1 -10 691 179 748 217 1.5 1.5 2 0 0 0 0 0.799
Car -1 -1 -10 683 178 732 210 1.5 1.5 2 0 0 0 0 0.682
Car -1 -1 -10 504 185 552 215 1.5 1.5 2 0 0 0 0 0.674
Car -1 -1 -10 516 185 554 209 1.5 1.5 2 0 0 0 0 0.596
