Car -1 -1 -10 446 175 538 215 1.5 1.5 2 0 0 0 0 0.994
Car -1 -1 -10 34 187 204 237 1.5 1.5 2 0 0 0 0 0.982
Car -1 -1 -10 399 172 463 206 1.5 1.5 2 0 0 0 0 0.954
Car -1 -1 -10 245 188 359 238 1.5 1.5 2 0 0 0 0 0.832
Car -1 -1 -10 701 169 725 187 1.5 1.5 2 0 0 0 0 0.826
Car -1 -1 -10 574 176 628 202 1.5 1.5 2 0 0 0 0 0.789
Car -1 -1 -10 825 161 853 173 1.5 1.5 2 0 0 0 0 0.701
Car -1 -1 -10 532 172 574 194 1.5 1.5 2 0 0 0 0 0.695
Car -1 -1 -10 898 162 918 172 1.5 1.5 2 0 0 0 0 0.539
Car -1 -1 -10 877 163 901 171 1.5 1.5 2 0 0 0 0 0.513
