Car -1 -1 -10 560 193 628 229 1.5 1.5 2 0 0 0 0 0.991
Car -1 -1 -10 -92 246 112 382 1.5 1.5 2 0 0 0 0 0.987
Car -1 -1 -10 1015 157 1237 371 1.5 1.5 2 0 0 0 0 0.976
Car -1 -1 -10 678 204 894 314 1.5 1.5 2 0 0 0 0 0.961
Car -1 -1 -10 60 217 252 361 1.5 1.5 2 0 0 0 0 0.961
Car -1 -1 -10 474 190 490 200 1.5 1.5 2 0 0 0 0 0.932
Car -1 -1 -10 542 189 560 201 1.5 1.5 2 0 0 0 0 0.841
Car -1 -1 -10 383 194 427 220 1.5 1.5 2 0 0 0 0 0.838
Car -1 -1 -10 438 192 456 206 1.5 1.5 2 0 0 0 0 0.753
Car -1 -1 -10 776 172 876 220 1.5 1.5 2 0 0 0 0 0.739
Car -1 -1 -10 1033 177 1177 237 1.5 1.5 2 0 0 0 0 0.733
Car -1 -1 -10 506 188 518 194 1.5 1.5 2 0 0 0 0 0.702
Car -1 -1 -10 424 193 446 209 1.5 1.5 2 0 0 0 0 0.545
Car -1 -1 -10 707 180 783 204 1.5 1.5 2 0 0 0 0 0.524
Car -1 -1 -10 551 188 571 202 1.5 1.5 2 0 0 0 0 0.522
