Car -1 -1 -10 723 201 893 289 1.5 1.5 2 0 0 0 0 0.999
Car -1 -1 -10 690 183 758 233 1.5 1.5 2 0 0 0 0 0.974
Car -1 -1 -10 426 177 506 215 1.5 1.5 2 0 0 0 0 0.945
Car -1 -1 -10 361 178 475 242 1.5 1.5 2 0 0 0 0 0.939
Car -1 -1 -10 497 175 557 205 1.5 1.5 2 0 0 0 0 0.902
Car -1 -1 -10 548 179 592 207 1.5 1.5 2 0 0 0 0 0.851
Car -1 -1 -10 3 270 160 374 1.5 1.5 2 0 0 0 0 0.806
Car -1 -1 -10 231 173 391 255 1.5 1.5 2 0 0 0 0 0.761
Car -1 -1 -10 655 175 693 203 1.5 1.5 2 0 0 0 0 0.682
Car -1 -1 -10 633 171 655 187 1.5 1.5 2 0 0 0 0 0.647
