Car -1 -1 -10 806 196 1190 368 1.5 1.5 2 0 0 0 0 1.000
Car -1 -1 -10 1119 179 1243 241 1.5 1.5 2 0 0 0 0 0.996
Car -1 -1 -10 443 184 521 236 1.5 1.5 2 0 0 0 0 0.994
Car -1 -1 -10 759 191 893 277 1.5 1.5 2 0 0 0 0 0.988
Car -1 -1 -10 600 182 624 196 1.5 1.5 2 0 0 0 0 0.912
Car -1 -1 -10 693 180 733 202 1.5 1.5 2 0 0 0 0 0.813
Car -1 -1 -10 637 181 653 189 1.5 1.5 2 0 0 0 0 0.810
Car -1 -1 -10 536 185 566 213 1.5 1.5 2 0 0 0 0 0.764
Car -1 -1 -10 512 188 546 222 1.5 1.5 2 0 0 0 0 0.580
Car -1 -1 -10 499 183 535 219 1.5 1.5 2 0 0 0 0 0.561
