Car -1 -1 -10 689 192 793 274 1.5 1.5 2 0 0 0 0 0.997
Car -1 -1 -10 3 217 351 369 1.5 1.5 2 0 0 0 0 0.995
Car -1 -1 -10 742 190 1004 360 1.5 1.5 2 0 0 0 0 0.992
Car -1 -1 -10 498 189 558 231 1.5 1.5 2 0 0 0 0 0.979
Car -1 -1 -10 615 184 645 204 1.5 1.5 2 0 0 0 0 0.953
Car -1 -1 -10 268 203 492 355 1.5 1.5 2 0 0 0 0 0.945
Car -1 -1 -10 652 185 668 199 1.5 1.5 2 0 0 0 0 0.864
Car -1 -1 -10 552 178 608 214 1.5 1.5 2 0 0 0 0 0.858
Car -1 -1 -10 668 187 690 201 1.5 1.5 2 0 0 0 0 0.790
Car -1 -1 -10 681 186 705 202 1.5 1.5 2 0 0 0 0 0.742
Car -1 -1 -10 511 175 583 223 1.5 1.5 2 0 0 0 0 0.646
