Car -1 -1 -10 22 190 232 270 1.5 1.5 2 0 0 0 0 0.999
Car -1 -1 -10 231 177 313 215 1.5 1.5 2 0 0 0 0 0.976
Car -1 -1 -10 724 173 830 225 1.5 1.5 2 0 0 0 0 0.968
Car -1 -1 -10 574 184 750 348 1.5 1.5 2 0 0 0 0 0.937
Car -1 -1 -10 343 182 423 216 1.5 1.5 2 0 0 0 0 0.917
Car -1 -1 -10 567 177 591 191 1.5 1.5 2 0 0 0 0 0.878
Car -1 -1 -10 482 181 522 205 1.5 1.5 2 0 0 0 0 0.850
Car -1 -1 -10 521 176 549 192 1.5 1.5 2 0 0 0 0 0.671
Car -1 -1 -10 1171 193 1241 361 1.5 1.5 2 0 0 0 0 0.648
Car -1 -1 -10 403 178 455 210 1.5 1.5 2 0 0 0 0 0.586
