Car -1 -1 -10 709 163 817 207 1.5 1.5 2 0 0 0 0 0.984
Car -1 -1 -10 952 151 1052 175 1.5 1.5 2 0 0 0 0 0.982
Car -1 -1 -10 507 180 549 206 1.5 1.5 2 0 0 0 0 0.948
Car -1 -1 -10 1104 144 1200 180 1.5 1.5 2 0 0 0 0 0.941
Car -1 -1 -10 1164 143 1240 183 1.5 1.5 2 0 0 0 0 0.925
Car -1 -1 -10 586 174 606 188 1.5 1.5 2 0 0 0 0 0.889
Car -1 -1 -10 662 171 686 189 1.5 1.5 2 0 0 0 0 0.831
Car -1 -1 -10 637 174 653 186 1.5 1.5 2 0 0 0 0 0.818
Car -1 -1 -10 555 177 571 191 1.5 1.5 2 0 0 0 0 0.790
Car -1 -1 -10 619 173 641 189 1.5 1.5 2 0 0 0 0 0.609
Car -1 -1 -10 572 177 584 189 1.5 1.5 2 0 0 0 0 0.543
