Car -1 -1 -10 132 176 408 318 1.5 1.5 2 0 0 0 0 0.998
Car -1 -1 -10 585 172 651 220 1.5 1.5 2 0 0 0 0 0.992
Car -1 -1 -10 8 176 214 270 1.5 1.5 2 0 0 0 0 0.987
Car -1 -1 -10 966 202 1236 380 1.5 1.5 2 0 0 0 0 0.981
Car -1 -1 -10 798 187 1020 301 1.5 1.5 2 0 0 0 0 0.975
Car -1 -1 -10 343 173 485 239 1.5 1.5 2 0 0 0 0 0.913
Car -1 -1 -10 463 168 533 218 1.5 1.5 2 0 0 0 0 0.867
Car -1 -1 -10 741 163 875 253 1.5 1.5 2 0 0 0 0 0.840
Car -1 -1 -10 515 160 579 194 1.5 1.5 2 0 0 0 0 0.684
Car -1 -1 -10 422 168 510 226 1.5 1.5 2 0 0 0 0 0.600
Car -1 -1 -10 1 188 19 304 1.5 1.5 2 0 0 0 0 0.558
