Car -1 -1 -10 838 222 1262 364 1.5 1.5 2 0 0 0 0 0.998
Car -1 -1 -10 246 207 444 345 1.5 1.5 2 0 0 0 0 0.994
Car -1 -1 -10 729 200 919 346 1.5 1.5 2 0 0 0 0 0.991
Car -1 -1 -10 378 209 485 279 1.5 1.5 2 0 0 0 0 0.990
Car -1 -1 -10 685 200 767 264 1.5 1.5 2 0 0 0 0 0.956
Car -1 -1 -10 455 202 513 252 1.5 1.5 2 0 0 0 0 0.863
Car -1 -1 -10 665 194 723 250 1.5 1.5 2 0 0 0 0 0.806
Car -1 -1 -10 629 196 659 220 1.5 1.5 2 0 0 0 0 0.768
Car -1 -1 -10 468 206 527 244 1.5 1.5 2 0 0 0 0 0.688
Car -1 -1 -10 662 195 729 239 1.5 1.5 2 0 0 0 0 0.612
