Car -1 -1 -10 -3 179 91 305 1.5 1.5 2 0 0 0 0 0.992
Car -1 -1 -10 67 179 219 265 1.5 1.5 2 0 0 0 0 0.978
Car -1 -1 -10 648 171 674 191 1.5 1.5 2 0 0 0 0 0.935
Car -1 -1 -10 382 179 444 213 1.5 1.5 2 0 0 0 0 0.903
Car -1 -1 -10 221 181 331 245 1.5 1.5 2 0 0 0 0 0.883
Car -1 -1 -10 453 178 475 202 1.5 1.5 2 0 0 0 0 0.810
Car -1 -1 -10 474 177 496 193 1.5 1.5 2 0 0 0 0 0.774
Car -1 -1 -10 870 159 910 171 1.5 1.5 2 0 0 0 0 0.702
Car -1 -1 -10 672 169 694 185 1.5 1.5 2 0 0 0 0 0.577
Car -1 -1 -10 1170 149 1240 179 1.5 1.5 2 0 0 0 0 0.547
Car -1 -1 -10 356 176 412 208 1.5 1.5 2 0 0 0 0 0.511
