Car -1 -1 -10 597 186 635 216 1.5 1.5 2 0 0 0 0 0.907
Car -1 -1 -10 990 185 1024 201 1.5 1.5 2 0 0 0 0 0.904
Car -1 -1 -10 1022 184 1058 200 1.5 1.5 2 0 0 0 0 0.901
Car -1 -1 -10 1093 183 1137 203 1.5 1.5 2 0 0 0 0 0.869
Car -1 -1 -10 1137 183 1171 203 1.5 1.5 2 0 0 0 0 0.855
Car -1 -1 -10 368 188 396 206 1.5 1.5 2 0 0 0 0 0.728
Car -1 -1 -10 1223 186 1239 198 1.5 1.5 2 0 0 0 0 0.707
Car -1 -1 -10 715 178 737 188 1.5 1.5 2 0 0 0 0 0.634
Car -1 -1 -10 624 188 640 204 1.5 1.5 2 0 0 0 0 0.550
Car -1 -1 -10 763 180 789 188 1.5 1.5 2 0 0 0 0 0.524
