Car -1 -1 -10 7 200 341 358 1.5 1.5 2 0 0 0 0 0.998
Car -1 -1 -10 787 188 1059 338 1.5 1.5 2 0 0 0 0 0.998
Car -1 -1 -10 1002 224 1232 370 1.5 1.5 2 0 0 0 0 0.997
Car -1 -1 -10 748 189 854 263 1.5 1.5 2 0 0 0 0 0.985
Car -1 -1 -10 473 183 529 217 1.5 1.5 2 0 0 0 0 0.982
Car -1 -1 -10 713 181 779 239 1.5 1.5 2 0 0 0 0 0.981
Car -1 -1 -10 306 193 426 275 1.5 1.5 2 0 0 0 0 0.968
Car -1 -1 -10 691 182 731 222 1.5 1.5 2 0 0 0 0 0.911
Car -1 -1 -10 516 185 540 207 1.5 1.5 2 0 0 0 0 0.787
Car -1 -1 -10 625 176 661 194 1.5 1.5 2 0 0 0 0 0.748
Car -1 -1 -10 980 179 1066 217 1.5 1.5 2 0 0 0 0 0.677
Car -1 -1 -10 1167 178 1235 222 1.5 1.5 2 0 0 0 0 0.675
Car -1 -1 -10 144 184 200 200 1.5 1.5 2 0 0 0 0 0.569
