Car -1 -1 -10 188 189 350 275 1.5 1.5 2 0 0 0 0 0.998
Car -1 -1 -10 876 173 1070 315 1.5 1.5 2 0 0 0 0 0.998
Car -1 -1 -10 780 174 930 262 1.5 1.5 2 0 0 0 0 0.992
Car -1 -1 -10 585 172 637 212 1.5 1.5 2 0 0 0 0 0.965
Car -1 -1 -10 1047 159 1366 371 1.5 1.5 2 0 0 0 0 0.957
Car -1 -1 -10 697 172 793 222 1.5 1.5 2 0 0 0 0 0.870
Car -1 -1 -10 470 179 512 201 1.5 1.5 2 0 0 0 0 0.773
Car -1 -1 -10 418 171 472 199 1.5 1.5 2 0 0 0 0 0.686
Car -1 -1 -10 665 175 719 205 1.5 1.5 2 0 0 0 0 0.657
Car -1 -1 -10 554 169 572 183 1.5 1.5 2 0 0 0 0 0.557
Car -1 -1 -10 403 177 427 193 1.5 1.5 2 0 0 0 0 0.512
