Car -1 -1 -10 581 187 641 227 1.5 1.5 2 0 0 0 0 0.996
Car -1 -1 -10 24 186 318 348 1.5 1.5 2 0 0 0 0 0.991
Car -1 -1 -10 327 180 477 250 1.5 1.5 2 0 0 0 0 0.988
Car -1 -1 -10 984 185 1194 267 1.5 1.5 2 0 0 0 0 0.919
Car -1 -1 -10 415 181 489 243 1.5 1.5 2 0 0 0 0 0.840
Car -1 -1 -10 1 222 39 372 1.5 1.5 2 0 0 0 0 0.828
Car -1 -1 -10 19 180 89 214 1.5 1.5 2 0 0 0 0 0.820
Car -1 -1 -10 546 176 574 204 1.5 1.5 2 0 0 0 0 0.818
Car -1 -1 -10 636 179 666 199 1.5 1.5 2 0 0 0 0 0.771
Car -1 -1 -10 1 187 55 281 1.5 1.5 2 0 0 0 0 0.565
Car -1 -1 -10 959 180 1105 248 1.5 1.5 2 0 0 0 0 0.538
