Car -1 -1 -10 689 214 971 364 1.5 1.5 2 0 0 0 0 0.999
Car -1 -1 -10 852 237 1248 371 1.5 1.5 2 0 0 0 0 0.996
Car -1 -1 -10 32 224 292 378 1.5 1.5 2 0 0 0 0 0.994
Car -1 -1 -10 622 202 736 296 1.5 1.5 2 0 0 0 0 0.994
Car -1 -1 -10 404 197 438 221 1.5 1.5 2 0 0 0 0 0.974
Car -1 -1 -10 259 216 357 298 1.5 1.5 2 0 0 0 0 0.974
Car -1 -1 -10 560 193 646 263 1.5 1.5 2 0 0 0 0 0.903
Car -1 -1 -10 345 193 411 251 1.5 1.5 2 0 0 0 0 0.816
Car -1 -1 -10 499 193 525 221 1.5 1.5 2 0 0 0 0 0.732
Car -1 -1 -10 523 199 571 231 1.5 1.5 2 0 0 0 0 0.732
Car -1 -1 -10 528 196 566 238 1.5 1.5 2 0 0 0 0 0.556
