Car -1 -1 -10 829 217 1241 369 1.5 1.5 2 0 0 0 0 0.999
Car -1 -1 -10 566 187 626 235 1.5 1.5 2 0 0 0 0 0.997
Car -1 -1 -10 60 189 268 313 1.5 1.5 2 0 0 0 0 0.997
Car -1 -1 -10 732 210 948 348 1.5 1.5 2 0 0 0 0 0.996
Car -1 -1 -10 246 206 474 348 1.5 1.5 2 0 0 0 0 0.992
Car -1 -1 -10 691 186 789 272 1.5 1.5 2 0 0 0 0 0.988
Car -1 -1 -10 374 190 508 284 1.5 1.5 2 0 0 0 0 0.975
Car -1 -1 -10 529 183 561 209 1.5 1.5 2 0 0 0 0 0.961
Car -1 -1 -10 235 185 295 219 1.5 1.5 2 0 0 0 0 0.953
Car -1 -1 -10 472 185 526 259 1.5 1.5 2 0 0 0 0 0.691
Car -1 -1 -10 498 190 530 242 1.5 1.5 2 0 0 0 0 0.650
