Car -1 -1 -10 784 177 954 275 1.5 1.5 2 0 0 0 0 0.999
Car -1 -1 -10 873 190 1249 372 1.5 1.5 2 0 0 0 0 0.997
Car -1 -1 -10 590 168 654 218 1.5 1.5 2 0 0 0 0 0.994
Car -1 -1 -10 -54 173 114 285 1.5 1.5 2 0 0 0 0 0.980
Car -1 -1 -10 103 166 271 252 1.5 1.5 2 0 0 0 0 0.969
Car -1 -1 -10 405 167 489 217 1.5 1.5 2 0 0 0 0 0.967
Car -1 -1 -10 741 158 847 240 1.5 1.5 2 0 0 0 0 0.945
Car -1 -1 -10 469 167 529 213 1.5 1.5 2 0 0 0 0 0.943
Car -1 -1 -10 216 171 442 287 1.5 1.5 2 0 0 0 0 0.937
Car -1 -1 -10 567 162 589 184 1.5 1.5 2 0 0 0 0 0.618
