Car -1 -1 -10 730 174 786 228 1.5 1.5 2 0 0 0 0 0.993
Car -1 -1 -10 2 238 212 378 1.5 1.5 2 0 0 0 0 0.991
Car -1 -1 -10 514 172 572 204 1.5 1.5 2 0 0 0 0 0.985
Car -1 -1 -10 70 198 362 352 1.5 1.5 2 0 0 0 0 0.979
Car -1 -1 -10 587 171 613 187 1.5 1.5 2 0 0 0 0 0.928
Car -1 -1 -10 690 168 724 202 1.5 1.5 2 0 0 0 0 0.762
Car -1 -1 -10 636 169 654 179 1.5 1.5 2 0 0 0 0 0.646
Car -1 -1 -10 753 166 939 266 1.5 1.5 2 0 0 0 0 0.630
Car -1 -1 -10 711 175 766 211 1.5 1.5 2 0 0 0 0 0.579
Car -1 -1 -10 655 170 667 176 1.5 1.5 2 0 0 0 0 0.509
