Car -1 -1 -10 757 186 903 282 1.5 1.5 2 0 0 0 0 0.995
Car -1 -1 -10 6 200 266 360 1.5 1.5 2 0 0 0 0 0.991
Car -1 -1 -10 720 179 798 243 1.5 1.5 2 0 0 0 0 0.986
Car -1 -1 -10 237 199 397 293 1.5 1.5 2 0 0 0 0 0.978
Car -1 -1 -10 460 181 516 219 1.5 1.5 2 0 0 0 0 0.976
Car -1 -1 -10 808 200 1264 376 1.5 1.5 2 0 0 0 0 0.955
Car -1 -1 -10 695 177 747 223 1.5 1.5 2 0 0 0 0 0.762
Car -1 -1 -10 517 183 539 205 1.5 1.5 2 0 0 0 0 0.643
Car -1 -1 -10 632 175 662 189 1.5 1.5 2 0 0 0 0 0.556
Car -1 -1 -10 505 182 531 208 1.5 1.5 2 0 0 0 0 0.522
