Car -1 -1 -10 1067 159 1235 255 1.5 1.5 2 0 0 0 0 0.996
Car -1 -1 -10 712 176 848 270 1.5 1.5 2 0 0 0 0 0.973
Car -1 -1 -10 417 175 525 249 1.5 1.5 2 0 0 0 0 0.961
Car -1 -1 -10 962 164 1094 238 1.5 1.5 2 0 0 0 0 0.950
Car -1 -1 -10 553 179 573 205 1.5 1.5 2 0 0 0 0 0.874
Car -1 -1 -10 914 168 994 224 1.5 1.5 2 0 0 0 0 0.866
Car -1 -1 -10 870 169 946 219 1.5 1.5 2 0 0 0 0 0.852
Car -1 -1 -10 695 189 733 235 1.5 1.5 2 0 0 0 0 0.848
Car -1 -1 -10 483 158 551 224 1.5 1.5 2 0 0 0 0 0.597
Car -1 -1 -10 825 167 889 203 1.5 1.5 2 0 0 0 0 0.576
