Car -1 -1 -10 57 208 339 372 1.5 1.5 2 0 0 0 0 0.994
Car -1 -1 -10 309 197 429 289 1.5 1.5 2 0 0 0 0 0.988
Car -1 -1 -10 715 187 779 229 1.5 1.5 2 0 0 0 0 0.949
Car -1 -1 -10 536 186 588 210 1.5 1.5 2 0 0 0 0 0.946
Car -1 -1 -10 741 179 851 255 1.5 1.5 2 0 0 0 0 0.909
Car -1 -1 -10 -1 208 73 378 1.5 1.5 2 0 0 0 0 0.907
Car -1 -1 -10 597 181 621 197 1.5 1.5 2 0 0 0 0 0.886
Car -1 -1 -10 694 183 739 213 1.5 1.5 2 0 0 0 0 0.839
Car -1 -1 -10 619 178 641 190 1.5 1.5 2 0 0 0 0 0.685
Car -1 -1 -10 689 185 722 207 1.5 1.5 2 0 0 0 0 0.662
Car -1 -1 -10 570 188 592 204 1.5 1.5 2 0 0 0 0 0.612
