Car -1 -1 -10 388 191 520 261 1.5 1.5 2 0 0 0 0 0.993
Car -1 -1 -10 896 170 1028 234 1.5 1.5 2 0 0 0 0 0.982
Car -1 -1 -10 529 162 821 320 1.5 1.5 2 0 0 0 0 0.975
Car -1 -1 -10 285 189 347 223 1.5 1.5 2 0 0 0 0 0.973
Car -1 -1 -10 817 171 889 219 1.5 1.5 2 0 0 0 0 0.959
Car -1 -1 -10 160 188 182 198 1.5 1.5 2 0 0 0 0 0.944
Car -1 -1 -10 70 191 134 219 1.5 1.5 2 0 0 0 0 0.938
Car -1 -1 -10 468 174 556 216 1.5 1.5 2 0 0 0 0 0.914
Car -1 -1 -10 253 183 277 201 1.5 1.5 2 0 0 0 0 0.842
Car -1 -1 -10 194 185 210 193 1.5 1.5 2 0 0 0 0 0.832
Car -1 -1 -10 993 160 1195 228 1.5 1.5 2 0 0 0 0 0.759
Car -1 -1 -10 110 189 140 207 1.5 1.5 2 0 0 0 0 0.624
Car -1 -1 -10 274 188 304 210 1.5 1.5 2 0 0 0 0 0.541
Car -1 -1 -10 -163 174 35 306 1.5 1.5 2 0 0 0 0 0.504
