Car -1 -1 -10 694 168 790 250 1.5 1.5 2 0 0 0 0 0.996
Car -1 -1 -10 750 175 968 317 1.5 1.5 2 0 0 0 0 0.996
Car -1 -1 -10 657 166 721 222 1.5 1.5 2 0 0 0 0 0.992
Car -1 -1 -10 353 168 481 250 1.5 1.5 2 0 0 0 0 0.983
Car -1 -1 -10 418 168 499 222 1.5 1.5 2 0 0 0 0 0.923
Car -1 -1 -10 1034 246 1232 382 1.5 1.5 2 0 0 0 0 0.903
Car -1 -1 -10 493 167 525 201 1.5 1.5 2 0 0 0 0 0.842
Car -1 -1 -10 616 159 642 179 1.5 1.5 2 0 0 0 0 0.808
Car -1 -1 -10 646 163 704 201 1.5 1.5 2 0 0 0 0 0.778
Car -1 -1 -10 585 159 605 177 1.5 1.5 2 0 0 0 0 0.551
