Car -1 -1 -10 272 195 494 355 1.5 1.5 2 0 0 0 0 0.998
Car -1 -1 -10 5 231 337 369 1.5 1.5 2 0 0 0 0 0.995
Car -1 -1 -10 1015 162 1119 202 1.5 1.5 2 0 0 0 0 0.993
Car -1 -1 -10 765 168 879 210 1.5 1.5 2 0 0 0 0 0.984
Car -1 -1 -10 678 165 742 183 1.5 1.5 2 0 0 0 0 0.976
Car -1 -1 -10 824 190 1052 346 1.5 1.5 2 0 0 0 0 0.975
Car -1 -1 -10 465 179 537 245 1.5 1.5 2 0 0 0 0 0.970
Car -1 -1 -10 1118 171 1224 221 1.5 1.5 2 0 0 0 0 0.948
Car -1 -1 -10 497 186 560 228 1.5 1.5 2 0 0 0 0 0.763
Car -1 -1 -10 1221 166 1255 188 1.5 1.5 2 0 0 0 0 0.612
Car -1 -1 -10 815 177 965 243 1.5 1.5 2 0 0 0 0 0.555
Car -1 -1 -10 1099 157 1145 173 1.5 1.5 2 0 0 0 0 0.514
