Car -1 -1 -10 73 192 233 252 1.5 1.5 2 0 0 0 0 0.971
Car -1 -1 -10 311 173 577 307 1.5 1.5 2 0 0 0 0 0.969
Car -1 -1 -10 734 172 754 186 1.5 1.5 2 0 0 0 0 0.958
Car -1 -1 -10 681 173 707 191 1.5 1.5 2 0 0 0 0 0.955
Car -1 -1 -10 718 172 730 184 1.5 1.5 2 0 0 0 0 0.930
Car -1 -1 -10 1201 155 1237 171 1.5 1.5 2 0 0 0 0 0.915
Car -1 -1 -10 1170 156 1202 174 1.5 1.5 2 0 0 0 0 0.855
Car -1 -1 -10 1039 160 1079 176 1.5 1.5 2 0 0 0 0 0.695
Car -1 -1 -10 1136 158 1172 174 1.5 1.5 2 0 0 0 0 0.674
Car -1 -1 -10 294 193 318 205 1.5 1.5 2 0 0 0 0 0.629
Car -1 -1 -10 1104 158 1140 176 1.5 1.5 2 0 0 0 0 0.592
