Car -1 -1 -10 -1 185 177 307 1.5 1.5 2 0 0 0 0 0.998
Car -1 -1 -10 248 193 440 307 1.5 1.5 2 0 0 0 0 0.980
Car -1 -1 -10 696 192 802 262 1.5 1.5 2 0 0 0 0 0.970
Car -1 -1 -10 433 181 505 239 1.5 1.5 2 0 0 0 0 0.969
Car -1 -1 -10 652 186 698 218 1.5 1.5 2 0 0 0 0 0.944
Car -1 -1 -10 617 181 645 201 1.5 1.5 2 0 0 0 0 0.821
Car -1 -1 -10 495 185 531 219 1.5 1.5 2 0 0 0 0 0.796
Car -1 -1 -10 538 184 554 200 1.5 1.5 2 0 0 0 0 0.794
Car -1 -1 -10 388 184 436 218 1.5 1.5 2 0 0 0 0 0.773
Car -1 -1 -10 581 180 609 202 1.5 1.5 2 0 0 0 0 0.587
Car -1 -1 -10 505 187 540 209 1.5 1.5 2 0 0 0 0 0.507
