Car -1 -1 -10 584 184 642 226 1.5 1.5 2 0 0 0 0 0.990
Car -1 -1 -10 84 180 316 332 1.5 1.5 2 0 0 0 0 0.990
Car -1 -1 -10 0 189 154 291 1.5 1.5 2 0 0 0 0 0.932
Car -1 -1 -10 221 130 465 276 1.5 1.5 2 0 0 0 0 0.930
Car -1 -1 -10 1064 183 1100 201 1.5 1.5 2 0 0 0 0 0.779
Car -1 -1 -10 59 205 115 257 1.5 1.5 2 0 0 0 0 0.741
Car -1 -1 -10 519 176 561 204 1.5 1.5 2 0 0 0 0 0.688
Car -1 -1 -10 454 169 534 225 1.5 1.5 2 0 0 0 0 0.678
Car -1 -1 -10 1149 183 1189 197 1.5 1.5 2 0 0 0 0 0.551
Car -1 -1 -10 571 178 587 190 1.5 1.5 2 0 0 0 0 0.543
Car -1 -1 -10 1189 176 1237 204 1.5 1.5 2 0 0 0 0 0.522
