Car -1 -1 -10 595 189 667 229 1.5 1.5 2 0 0 0 0 0.991
Car -1 -1 -10 7 218 263 374 1.5 1.5 2 0 0 0 0 0.986
Car -1 -1 -10 745 198 999 338 1.5 1.5 2 0 0 0 0 0.947
Car -1 -1 -10 419 190 469 220 1.5 1.5 2 0 0 0 0 0.938
Car -1 -1 -10 510 188 528 198 1.5 1.5 2 0 0 0 0 0.898
Car -1 -1 -10 466 189 488 209 1.5 1.5 2 0 0 0 0 0.881
Car -1 -1 -10 749 179 837 205 1.5 1.5 2 0 0 0 0 0.863
Car -1 -1 -10 827 171 945 215 1.5 1.5 2 0 0 0 0 0.752
Car -1 -1 -10 1185 169 1308 251 1.5 1.5 2 0 0 0 0 0.711
Car -1 -1 -10 540 186 554 192 1.5 1.5 2 0 0 0 0 0.668
Car -1 -1 -10 585 186 605 202 1.5 1.5 2 0 0 0 0 0.610
Car -1 -1 -10 518 187 536 197 1.5 1.5 2 0 0 0 0 0.600
