Car -1 -1 -10 -3 204 167 290 1.5 1.5 2 0 0 0 0 0.999
Car -1 -1 -10 726 178 856 242 1.5 1.5 2 0 0 0 0 0.963
Car -1 -1 -10 462 186 510 216 1.5 1.5 2 0 0 0 0 0.960
Car -1 -1 -10 595 184 685 262 1.5 1.5 2 0 0 0 0 0.960
Car -1 -1 -10 318 190 410 228 1.5 1.5 2 0 0 0 0 0.931
Car -1 -1 -10 196 190 274 228 1.5 1.5 2 0 0 0 0 0.811
Car -1 -1 -10 685 182 739 216 1.5 1.5 2 0 0 0 0 0.765
Car -1 -1 -10 586 184 606 200 1.5 1.5 2 0 0 0 0 0.741
Car -1 -1 -10 516 183 544 201 1.5 1.5 2 0 0 0 0 0.713
Car -1 -1 -10 552 184 572 200 1.5 1.5 2 0 0 0 0 0.620
Car -1 -1 -10 389 184 443 216 1.5 1.5 2 0 0 0 0 0.598
