Car -1 -1 -10 205 189 313 233 1.5 1.5 2 0 0 0 0 0.991
Car -1 -1 -10 7 196 269 332 1.5 1.5 2 0 0 0 0 0.989
Car -1 -1 -10 309 168 569 302 1.5 1.5 2 0 0 0 0 0.948
Car -1 -1 -10 1201 155 1237 171 1.5 1.5 2 0 0 0 0 0.913
Car -1 -1 -10 1170 156 1202 174 1.5 1.5 2 0 0 0 0 0.854
Car -1 -1 -10 694 166 740 204 1.5 1.5 2 0 0 0 0 0.739
Car -1 -1 -10 1038 159 1078 177 1.5 1.5 2 0 0 0 0 0.733
Car -1 -1 -10 1136 158 1172 174 1.5 1.5 2 0 0 0 0 0.638
Car -1 -1 -10 1103 159 1139 175 1.5 1.5 2 0 0 0 0 0.522
Car -1 -1 -10 684 173 700 183 1.5 1.5 2 0 0 0 0 0.518
