Car -1 -1 -10 947 215 1229 371 1.5 1.5 2 0 0 0 0 0.999
Car -1 -1 -10 220 185 392 277 1.5 1.5 2 0 0 0 0 0.998
Car -1 -1 -10 570 182 630 230 1.5 1.5 2 0 0 0 0 0.996
Car -1 -1 -10 693 186 767 232 1.5 1.5 2 0 0 0 0 0.996
Car -1 -1 -10 369 179 489 241 1.5 1.5 2 0 0 0 0 0.993
Car -1 -1 -10 74 177 222 229 1.5 1.5 2 0 0 0 0 0.961
Car -1 -1 -10 -182 228 46 380 1.5 1.5 2 0 0 0 0 0.864
Car -1 -1 -10 462 175 534 205 1.5 1.5 2 0 0 0 0 0.844
Car -1 -1 -10 48 177 104 205 1.5 1.5 2 0 0 0 0 0.772
Car -1 -1 -10 193 183 283 241 1.5 1.5 2 0 0 0 0 0.741
