Car -1 -1 -10 747 202 973 326 1.5 1.5 2 0 0 0 0 0.999
Car -1 -1 -10 673 184 755 242 1.5 1.5 2 0 0 0 0 0.996
Car -1 -1 -10 6 199 218 347 1.5 1.5 2 0 0 0 0 0.988
Car -1 -1 -10 207 194 353 272 1.5 1.5 2 0 0 0 0 0.950
Car -1 -1 -10 59 199 289 285 1.5 1.5 2 0 0 0 0 0.910
Car -1 -1 -10 -4 228 210 370 1.5 1.5 2 0 0 0 0 0.859
Car -1 -1 -10 372 186 490 228 1.5 1.5 2 0 0 0 0 0.858
Car -1 -1 -10 632 172 664 196 1.5 1.5 2 0 0 0 0 0.673
Car -1 -1 -10 657 181 695 217 1.5 1.5 2 0 0 0 0 0.670
Car -1 -1 -10 269 183 409 245 1.5 1.5 2 0 0 0 0 0.670
