Car -1 -1 -10 755 199 1041 357 1.5 1.5 2 0 0 0 0 0.997
Car -1 -1 -10 701 192 795 270 1.5 1.5 2 0 0 0 0 0.992
Car -1 -1 -10 1105 240 1243 372 1.5 1.5 2 0 0 0 0 0.983
Car -1 -1 -10 672 182 712 218 1.5 1.5 2 0 0 0 0 0.979
Car -1 -1 -10 121 188 471 358 1.5 1.5 2 0 0 0 0 0.942
Car -1 -1 -10 488 177 542 225 1.5 1.5 2 0 0 0 0 0.938
Car -1 -1 -10 645 171 675 195 1.5 1.5 2 0 0 0 0 0.888
Car -1 -1 -10 511 179 558 209 1.5 1.5 2 0 0 0 0 0.807
Car -1 -1 -10 401 174 501 258 1.5 1.5 2 0 0 0 0 0.801
Car -1 -1 -10 573 173 595 187 1.5 1.5 2 0 0 0 0 0.681
Car -1 -1 -10 583 173 601 187 1.5 1.5 2 0 0 0 0 0.501
