Car -1 -1 -10 846 201 1236 377 1.5 1.5 2 0 0 0 0 0.997
Car -1 -1 -10 273 195 453 337 1.5 1.5 2 0 0 0 0 0.986
Car -1 -1 -10 14 217 254 371 1.5 1.5 2 0 0 0 0 0.957
Car -1 -1 -10 548 177 584 201 1.5 1.5 2 0 0 0 0 0.956
Car -1 -1 -10 746 173 896 291 1.5 1.5 2 0 0 0 0 0.954
Car -1 -1 -10 710 181 810 247 1.5 1.5 2 0 0 0 0 0.938
Car -1 -1 -10 679 177 748 223 1.5 1.5 2 0 0 0 0 0.919
Car -1 -1 -10 654 176 696 204 1.5 1.5 2 0 0 0 0 0.856
Car -1 -1 -10 465 168 553 232 1.5 1.5 2 0 0 0 0 0.781
Car -1 -1 -10 1129 304 1239 374 1.5 1.5 2 0 0 0 0 0.741
