Car -1 -1 -10 704 191 830 281 1.5 1.5 2 0 0 0 0 0.988
Car -1 -1 -10 522 184 572 220 1.5 1.5 2 0 0 0 0 0.981
Car -1 -1 -10 653 184 711 230 1.5 1.5 2 0 0 0 0 0.965
Car -1 -1 -10 559 184 588 202 1.5 1.5 2 0 0 0 0 0.939
Car -1 -1 -10 -19 218 401 372 1.5 1.5 2 0 0 0 0 0.823
Car -1 -1 -10 637 182 668 202 1.5 1.5 2 0 0 0 0 0.808
Car -1 -1 -10 643 183 669 207 1.5 1.5 2 0 0 0 0 0.752
Car -1 -1 -10 583 185 600 195 1.5 1.5 2 0 0 0 0 0.689
Car -1 -1 -10 624 183 636 195 1.5 1.5 2 0 0 0 0 0.631
Car -1 -1 -10 606 184 614 192 1.5 1.5 2 0 0 0 0 0.530
