Car -1 -1 -10 384 185 472 259 1.5 1.5 2 0 0 0 0 0.994
Car -1 -1 -10 6 188 314 376 1.5 1.5 2 0 0 0 0 0.992
Car -1 -1 -10 455 187 505 233 1.5 1.5 2 0 0 0 0 0.990
Car -1 -1 -10 239 201 401 309 1.5 1.5 2 0 0 0 0 0.986
Car -1 -1 -10 497 182 544 212 1.5 1.5 2 0 0 0 0 0.966
Car -1 -1 -10 682 176 744 212 1.5 1.5 2 0 0 0 0 0.929
Car -1 -1 -10 1159 145 1239 183 1.5 1.5 2 0 0 0 0 0.884
Car -1 -1 -10 618 177 658 207 1.5 1.5 2 0 0 0 0 0.875
Car -1 -1 -10 483 182 519 220 1.5 1.5 2 0 0 0 0 0.836
Car -1 -1 -10 652 181 674 203 1.5 1.5 2 0 0 0 0 0.793
Car -1 -1 -10 519 182 555 206 1.5 1.5 2 0 0 0 0 0.765
Car -1 -1 -10 903 143 1099 205 1.5 1.5 2 0 0 0 0 0.588
