Car -1 -1 -10 749 189 1007 349 1.5 1.5 2 0 0 0 0 0.999
Car -1 -1 -10 196 194 432 352 1.5 1.5 2 0 0 0 0 0.997
Car -1 -1 -10 699 186 793 262 1.5 1.5 2 0 0 0 0 0.992
Car -1 -1 -10 946 222 1222 370 1.5 1.5 2 0 0 0 0 0.990
Car -1 -1 -10 409 194 491 266 1.5 1.5 2 0 0 0 0 0.985
Car -1 -1 -10 675 184 711 234 1.5 1.5 2 0 0 0 0 0.861
Car -1 -1 -10 450 186 514 240 1.5 1.5 2 0 0 0 0 0.783
Car -1 -1 -10 632 179 666 203 1.5 1.5 2 0 0 0 0 0.697
Car -1 -1 -10 485 189 521 235 1.5 1.5 2 0 0 0 0 0.667
Car -1 -1 -10 676 177 740 239 1.5 1.5 2 0 0 0 0 0.656
