Car -1 -1 -10 210 167 540 335 1.5 1.5 2 0 0 0 0 0.991
Car -1 -1 -10 680 172 708 190 1.5 1.5 2 0 0 0 0 0.953
Car -1 -1 -10 734 171 754 187 1.5 1.5 2 0 0 0 0 0.948
Car -1 -1 -10 718 172 732 184 1.5 1.5 2 0 0 0 0 0.909
Car -1 -1 -10 1202 155 1236 171 1.5 1.5 2 0 0 0 0 0.904
Car -1 -1 -10 1170 156 1202 174 1.5 1.5 2 0 0 0 0 0.854
Car -1 -1 -10 513 179 547 199 1.5 1.5 2 0 0 0 0 0.837
Car -1 -1 -10 1136 158 1172 174 1.5 1.5 2 0 0 0 0 0.701
Car -1 -1 -10 1039 160 1077 178 1.5 1.5 2 0 0 0 0 0.695
Car -1 -1 -10 108 191 250 253 1.5 1.5 2 0 0 0 0 0.689
Car -1 -1 -10 1103 159 1139 175 1.5 1.5 2 0 0 0 0 0.581
