Car -1 -1 -10 -7 196 217 352 1.5 1.5 2 0 0 0 0 0.999
Car -1 -1 -10 960 198 1244 322 1.5 1.5 2 0 0 0 0 0.997
Car -1 -1 -10 886 185 1048 285 1.5 1.5 2 0 0 0 0 0.989
Car -1 -1 -10 727 184 873 240 1.5 1.5 2 0 0 0 0 0.975
Car -1 -1 -10 204 188 374 288 1.5 1.5 2 0 0 0 0 0.973
Car -1 -1 -10 98 188 272 306 1.5 1.5 2 0 0 0 0 0.967
Car -1 -1 -10 264 181 424 247 1.5 1.5 2 0 0 0 0 0.908
Car -1 -1 -10 434 178 504 216 1.5 1.5 2 0 0 0 0 0.889
Car -1 -1 -10 400 183 458 231 1.5 1.5 2 0 0 0 0 0.875
Car -1 -1 -10 635 186 677 212 1.5 1.5 2 0 0 0 0 0.874
