Car -1 -1 -10 474 177 532 201 1.5 1.5 2 0 0 0 0 0.979
Car -1 -1 -10 261 172 377 208 1.5 1.5 2 0 0 0 0 0.871
Car -1 -1 -10 761 178 785 188 1.5 1.5 2 0 0 0 0 0.812
Car -1 -1 -10 3 170 53 196 1.5 1.5 2 0 0 0 0 0.792
Car -1 -1 -10 785 175 805 187 1.5 1.5 2 0 0 0 0 0.640
Car -1 -1 -10 718 179 744 189 1.5 1.5 2 0 0 0 0 0.616
Car -1 -1 -10 599 175 663 195 1.5 1.5 2 0 0 0 0 0.572
Car -1 -1 -10 155 172 225 194 1.5 1.5 2 0 0 0 0 0.557
Car -1 -1 -10 817 175 839 189 1.5 1.5 2 0 0 0 0 0.555
Car -1 -1 -10 62 168 112 182 1.5 1.5 2 0 0 0 0 0.553
Car -1 -1 -10 22 170 56 190 1.5 1.5 2 0 0 0 0 0.519
