Car -1 -1 -10 724 195 864 287 1.5 1.5 2 0 0 0 0 0.997
Car -1 -1 -10 315 190 499 292 1.5 1.5 2 0 0 0 0 0.993
Car -1 -1 -10 686 191 756 255 1.5 1.5 2 0 0 0 0 0.990
Car -1 -1 -10 419 174 521 242 1.5 1.5 2 0 0 0 0 0.938
Car -1 -1 -10 822 178 1252 376 1.5 1.5 2 0 0 0 0 0.922
Car -1 -1 -10 513 182 553 220 1.5 1.5 2 0 0 0 0 0.906
Car -1 -1 -10 644 171 674 195 1.5 1.5 2 0 0 0 0 0.893
Car -1 -1 -10 667 185 703 215 1.5 1.5 2 0 0 0 0 0.810
Car -1 -1 -10 528 181 569 207 1.5 1.5 2 0 0 0 0 0.743
Car -1 -1 -10 586 175 604 189 1.5 1.5 2 0 0 0 0 0.733
