Car -1 -1 -10 298 182 510 314 1.5 1.5 2 0 0 0 0 0.998
Car -1 -1 -10 541 177 595 217 1.5 1.5 2 0 0 0 0 0.964
Car -1 -1 -10 704 182 790 248 1.5 1.5 2 0 0 0 0 0.956
Car -1 -1 -10 960 247 1230 361 1.5 1.5 2 0 0 0 0 0.952
Car -1 -1 -10 566 180 607 206 1.5 1.5 2 0 0 0 0 0.946
Car -1 -1 -10 -3 160 233 372 1.5 1.5 2 0 0 0 0 0.920
Car -1 -1 -10 609 175 625 189 1.5 1.5 2 0 0 0 0 0.872
Car -1 -1 -10 667 173 689 193 1.5 1.5 2 0 0 0 0 0.782
Car -1 -1 -10 697 184 772 234 1.5 1.5 2 0 0 0 0 0.775
Car -1 -1 -10 622 174 644 188 1.5 1.5 2 0 0 0 0 0.685
