Car -1 -1 -10 871 208 1253 374 1.5 1.5 2 0 0 0 0 0.999
Car -1 -1 -10 766 190 952 292 1.5 1.5 2 0 0 0 0 0.996
Car -1 -1 -10 3 214 185 374 1.5 1.5 2 0 0 0 0 0.989
Car -1 -1 -10 153 200 385 316 1.5 1.5 2 0 0 0 0 0.973
Car -1 -1 -10 725 182 797 246 1.5 1.5 2 0 0 0 0 0.970
Car -1 -1 -10 356 189 452 259 1.5 1.5 2 0 0 0 0 0.962
Car -1 -1 -10 487 182 543 212 1.5 1.5 2 0 0 0 0 0.952
Car -1 -1 -10 690 181 726 219 1.5 1.5 2 0 0 0 0 0.809
Car -1 -1 -10 1158 178 1238 212 1.5 1.5 2 0 0 0 0 0.771
Car -1 -1 -10 702 182 758 230 1.5 1.5 2 0 0 0 0 0.686
