Car -1 -1 -10 715 187 861 281 1.5 1.5 2 0 0 0 0 0.999
Car -1 -1 -10 624 184 726 252 1.5 1.5 2 0 0 0 0 0.978
Car -1 -1 -10 456 171 496 209 1.5 1.5 2 0 0 0 0 0.923
Car -1 -1 -10 542 184 578 218 1.5 1.5 2 0 0 0 0 0.916
Car -1 -1 -10 503 177 545 205 1.5 1.5 2 0 0 0 0 0.907
Car -1 -1 -10 278 176 386 252 1.5 1.5 2 0 0 0 0 0.870
Car -1 -1 -10 519 180 565 210 1.5 1.5 2 0 0 0 0 0.853
Car -1 -1 -10 574 181 635 221 1.5 1.5 2 0 0 0 0 0.671
Car -1 -1 -10 388 171 410 191 1.5 1.5 2 0 0 0 0 0.635
Car -1 -1 -10 535 181 583 213 1.5 1.5 2 0 0 0 0 0.601
Car -1 -1 -10 413 173 434 187 1.5 1.5 2 0 0 0 0 0.598
Car -1 -1 -10 447 171 459 179 1.5 1.5 2 0 0 0 0 0.512
