Car -1 -1 -10 778 188 1132 368 1.5 1.5 2 0 0 0 0 0.998
Car -1 -1 -10 682 188 766 240 1.5 1.5 2 0 0 0 0 0.986
Car -1 -1 -10 1026 244 1236 380 1.5 1.5 2 0 0 0 0 0.965
Car -1 -1 -10 278 188 408 260 1.5 1.5 2 0 0 0 0 0.955
Car -1 -1 -10 32 191 340 285 1.5 1.5 2 0 0 0 0 0.941
Car -1 -1 -10 396 180 468 240 1.5 1.5 2 0 0 0 0 0.864
Car -1 -1 -10 440 181 524 219 1.5 1.5 2 0 0 0 0 0.835
Car -1 -1 -10 747 185 841 217 1.5 1.5 2 0 0 0 0 0.790
Car -1 -1 -10 511 180 547 200 1.5 1.5 2 0 0 0 0 0.764
Car -1 -1 -10 0 233 94 367 1.5 1.5 2 0 0 0 0 0.701
