Car -1 -1 -10 592 188 740 278 1.5 1.5 2 0 0 0 0 0.998
Car -1 -1 -10 -2 224 128 382 1.5 1.5 2 0 0 0 0 0.983
Car -1 -1 -10 73 205 223 309 1.5 1.5 2 0 0 0 0 0.980
Car -1 -1 -10 485 189 545 221 1.5 1.5 2 0 0 0 0 0.965
Car -1 -1 -10 392 186 412 194 1.5 1.5 2 0 0 0 0 0.919
Car -1 -1 -10 680 169 772 199 1.5 1.5 2 0 0 0 0 0.917
Car -1 -1 -10 761 143 1239 375 1.5 1.5 2 0 0 0 0 0.903
Car -1 -1 -10 310 188 358 214 1.5 1.5 2 0 0 0 0 0.897
Car -1 -1 -10 355 186 375 202 1.5 1.5 2 0 0 0 0 0.879
Car -1 -1 -10 428 181 440 187 1.5 1.5 2 0 0 0 0 0.705
Car -1 -1 -10 645 175 683 191 1.5 1.5 2 0 0 0 0 0.547
Car -1 -1 -10 481 186 511 204 1.5 1.5 2 0 0 0 0 0.534
