Car -1 -1 -10 796 179 1016 333 1.5 1.5 2 0 0 0 0 0.985
Car -1 -1 -10 210 177 298 211 1.5 1.5 2 0 0 0 0 0.964
Car -1 -1 -10 418 175 476 207 1.5 1.5 2 0 0 0 0 0.936
Car -1 -1 -10 715 167 775 199 1.5 1.5 2 0 0 0 0 0.936
Car -1 -1 -10 119 176 191 212 1.5 1.5 2 0 0 0 0 0.789
Car -1 -1 -10 773 163 811 197 1.5 1.5 2 0 0 0 0 0.718
Car -1 -1 -10 972 247 1238 379 1.5 1.5 2 0 0 0 0 0.671
Car -1 -1 -10 582 161 642 201 1.5 1.5 2 0 0 0 0 0.619
Car -1 -1 -10 346 162 410 208 1.5 1.5 2 0 0 0 0 0.594
Car -1 -1 -10 181 184 223 206 1.5 1.5 2 0 0 0 0 0.502
