Car -1 -1 -10 482 194 546 242 1.5 1.5 2 0 0 0 0 0.992
Car -1 -1 -10 282 202 464 340 1.5 1.5 2 0 0 0 0 0.989
Car -1 -1 -10 740 198 932 326 1.5 1.5 2 0 0 0 0 0.983
Car -1 -1 -10 3 228 375 372 1.5 1.5 2 0 0 0 0 0.977
Car -1 -1 -10 697 198 781 264 1.5 1.5 2 0 0 0 0 0.976
Car -1 -1 -10 661 183 729 241 1.5 1.5 2 0 0 0 0 0.975
Car -1 -1 -10 632 186 658 208 1.5 1.5 2 0 0 0 0 0.966
Car -1 -1 -10 570 189 586 201 1.5 1.5 2 0 0 0 0 0.932
Car -1 -1 -10 520 194 565 224 1.5 1.5 2 0 0 0 0 0.908
Car -1 -1 -10 618 184 634 198 1.5 1.5 2 0 0 0 0 0.813
Car -1 -1 -10 679 194 743 254 1.5 1.5 2 0 0 0 0 0.654
