Car -1 -1 -10 871 146 1057 214 1.5 1.5 2 0 0 0 0 0.989
Car -1 -1 -10 387 191 451 243 1.5 1.5 2 0 0 0 0 0.989
Car -1 -1 -10 -83 222 140 370 1.5 1.5 2 0 0 0 0 0.983
Car -1 -1 -10 442 190 498 226 1.5 1.5 2 0 0 0 0 0.979
Car -1 -1 -10 120 210 318 316 1.5 1.5 2 0 0 0 0 0.977
Car -1 -1 -10 300 200 400 270 1.5 1.5 2 0 0 0 0 0.953
Car -1 -1 -10 658 176 732 218 1.5 1.5 2 0 0 0 0 0.888
Car -1 -1 -10 784 159 866 201 1.5 1.5 2 0 0 0 0 0.813
Car -1 -1 -10 820 158 896 202 1.5 1.5 2 0 0 0 0 0.792
Car -1 -1 -10 513 186 547 204 1.5 1.5 2 0 0 0 0 0.716
Car -1 -1 -10 597 175 621 189 1.5 1.5 2 0 0 0 0 0.711
Car -1 -1 -10 1189 126 1241 178 1.5 1.5 2 0 0 0 0 0.658
Car -1 -1 -10 648 177 691 205 1.5 1.5 2 0 0 0 0 0.654
