Car -1 -1 -10 819 165 1047 265 1.5 1.5 2 0 0 0 0 0.998
Car -1 -1 -10 8 203 354 377 1.5 1.5 2 0 0 0 0 0.998
Car -1 -1 -10 331 184 467 288 1.5 1.5 2 0 0 0 0 0.993
Car -1 -1 -10 455 191 519 245 1.5 1.5 2 0 0 0 0 0.990
Car -1 -1 -10 669 183 729 227 1.5 1.5 2 0 0 0 0 0.952
Car -1 -1 -10 501 184 535 230 1.5 1.5 2 0 0 0 0 0.890
Car -1 -1 -10 731 174 785 208 1.5 1.5 2 0 0 0 0 0.836
Car -1 -1 -10 518 181 550 221 1.5 1.5 2 0 0 0 0 0.818
Car -1 -1 -10 799 167 875 227 1.5 1.5 2 0 0 0 0 0.744
Car -1 -1 -10 551 185 565 209 1.5 1.5 2 0 0 0 0 0.701
Car -1 -1 -10 715 179 749 213 1.5 1.5 2 0 0 0 0 0.578
Car -1 -1 -10 537 181 559 213 1.5 1.5 2 0 0 0 0 0.541
