Car -1 -1 -10 581 184 669 244 1.5 1.5 2 0 0 0 0 0.998
Car -1 -1 -10 203 183 277 235 1.5 1.5 2 0 0 0 0 0.974
Car -1 -1 -10 312 173 382 209 1.5 1.5 2 0 0 0 0 0.920
Car -1 -1 -10 456 180 514 222 1.5 1.5 2 0 0 0 0 0.905
Car -1 -1 -10 518 180 554 204 1.5 1.5 2 0 0 0 0 0.861
Car -1 -1 -10 661 172 715 208 1.5 1.5 2 0 0 0 0 0.850
Car -1 -1 -10 577 177 611 215 1.5 1.5 2 0 0 0 0 0.664
Car -1 -1 -10 503 180 531 210 1.5 1.5 2 0 0 0 0 0.597
Car -1 -1 -10 685 159 771 239 1.5 1.5 2 0 0 0 0 0.595
Car -1 -1 -10 1199 184 1241 240 1.5 1.5 2 0 0 0 0 0.590
