Car -1 -1 -10 732 188 858 274 1.5 1.5 2 0 0 0 0 0.999
Car -1 -1 -10 329 177 411 239 1.5 1.5 2 0 0 0 0 0.981
Car -1 -1 -10 594 178 656 224 1.5 1.5 2 0 0 0 0 0.969
Car -1 -1 -10 564 184 600 216 1.5 1.5 2 0 0 0 0 0.965
Car -1 -1 -10 537 179 580 207 1.5 1.5 2 0 0 0 0 0.884
Car -1 -1 -10 484 169 526 209 1.5 1.5 2 0 0 0 0 0.867
Car -1 -1 -10 420 170 444 190 1.5 1.5 2 0 0 0 0 0.796
Car -1 -1 -10 476 169 488 181 1.5 1.5 2 0 0 0 0 0.778
Car -1 -1 -10 512 175 542 195 1.5 1.5 2 0 0 0 0 0.674
Car -1 -1 -10 655 187 737 247 1.5 1.5 2 0 0 0 0 0.650
Car -1 -1 -10 443 172 464 186 1.5 1.5 2 0 0 0 0 0.603
Car -1 -1 -10 550 182 596 212 1.5 1.5 2 0 0 0 0 0.561
