Car -1 -1 -10 2 227 190 373 1.5 1.5 2 0 0 0 0 0.997
Car -1 -1 -10 680 184 798 266 1.5 1.5 2 0 0 0 0 0.993
Car -1 -1 -10 406 194 480 250 1.5 1.5 2 0 0 0 0 0.949
Car -1 -1 -10 623 181 657 205 1.5 1.5 2 0 0 0 0 0.936
Car -1 -1 -10 501 187 527 211 1.5 1.5 2 0 0 0 0 0.919
Car -1 -1 -10 533 183 557 201 1.5 1.5 2 0 0 0 0 0.909
Car -1 -1 -10 648 182 698 230 1.5 1.5 2 0 0 0 0 0.863
Car -1 -1 -10 462 182 508 228 1.5 1.5 2 0 0 0 0 0.862
Car -1 -1 -10 604 180 620 190 1.5 1.5 2 0 0 0 0 0.728
Car -1 -1 -10 512 184 542 204 1.5 1.5 2 0 0 0 0 0.673
