Car -1 -1 -10 799 192 1071 350 1.5 1.5 2 0 0 0 0 0.999
Car -1 -1 -10 144 184 304 248 1.5 1.5 2 0 0 0 0 0.998
Car -1 -1 -10 416 184 490 238 1.5 1.5 2 0 0 0 0 0.993
Car -1 -1 -10 -5 238 93 370 1.5 1.5 2 0 0 0 0 0.993
Car -1 -1 -10 693 180 797 254 1.5 1.5 2 0 0 0 0 0.988
Car -1 -1 -10 958 222 1232 370 1.5 1.5 2 0 0 0 0 0.986
Car -1 -1 -10 660 181 694 217 1.5 1.5 2 0 0 0 0 0.934
Car -1 -1 -10 530 178 556 202 1.5 1.5 2 0 0 0 0 0.888
Car -1 -1 -10 446 179 512 223 1.5 1.5 2 0 0 0 0 0.876
Car -1 -1 -10 688 179 781 241 1.5 1.5 2 0 0 0 0 0.753
Car -1 -1 -10 476 179 533 217 1.5 1.5 2 0 0 0 0 0.723
Car -1 -1 -10 586 177 608 189 1.5 1.5 2 0 0 0 0 0.686
Car -1 -1 -10 677 180 741 222 1.5 1.5 2 0 0 0 0 0.522
