Car -1 -1 -10 450 182 516 232 1.5 1.5 2 0 0 0 0 0.999
Car -1 -1 -10 -12 218 384 374 1.5 1.5 2 0 0 0 0 0.981
Car -1 -1 -10 630 167 729 233 1.5 1.5 2 0 0 0 0 0.941
Car -1 -1 -10 487 182 529 210 1.5 1.5 2 0 0 0 0 0.927
Car -1 -1 -10 504 180 536 200 1.5 1.5 2 0 0 0 0 0.814
Car -1 -1 -10 573 172 585 184 1.5 1.5 2 0 0 0 0 0.755
Car -1 -1 -10 542 176 552 186 1.5 1.5 2 0 0 0 0 0.751
Car -1 -1 -10 528 177 542 191 1.5 1.5 2 0 0 0 0 0.556
Car -1 -1 -10 587 173 607 191 1.5 1.5 2 0 0 0 0 0.538
Car -1 -1 -10 613 176 668 212 1.5 1.5 2 0 0 0 0 0.510
