Car -1 -1 -10 914 231 1224 363 1.5 1.5 2 0 0 0 0 0.999
Car -1 -1 -10 343 178 489 274 1.5 1.5 2 0 0 0 0 0.991
Car -1 -1 -10 763 200 943 296 1.5 1.5 2 0 0 0 0 0.988
Car -1 -1 -10 503 177 563 213 1.5 1.5 2 0 0 0 0 0.975
Car -1 -1 -10 732 187 820 263 1.5 1.5 2 0 0 0 0 0.966
Car -1 -1 -10 694 182 752 234 1.5 1.5 2 0 0 0 0 0.948
Car -1 -1 -10 659 182 714 218 1.5 1.5 2 0 0 0 0 0.762
Car -1 -1 -10 604 177 626 189 1.5 1.5 2 0 0 0 0 0.718
Car -1 -1 -10 651 181 697 211 1.5 1.5 2 0 0 0 0 0.626
Car -1 -1 -10 675 181 736 221 1.5 1.5 2 0 0 0 0 0.547
