Car -1 -1 -10 398 184 524 240 1.5 1.5 2 0 0 0 0 0.976
Car -1 -1 -10 608 175 674 207 1.5 1.5 2 0 0 0 0 0.937
Car -1 -1 -10 1139 152 1173 170 1.5 1.5 2 0 0 0 0 0.900
Car -1 -1 -10 1080 156 1116 172 1.5 1.5 2 0 0 0 0 0.890
Car -1 -1 -10 546 174 578 194 1.5 1.5 2 0 0 0 0 0.735
Car -1 -1 -10 520 181 548 199 1.5 1.5 2 0 0 0 0 0.721
Car -1 -1 -10 798 159 828 171 1.5 1.5 2 0 0 0 0 0.685
Car -1 -1 -10 1026 157 1058 171 1.5 1.5 2 0 0 0 0 0.675
Car -1 -1 -10 350 184 384 200 1.5 1.5 2 0 0 0 0 0.624
Car -1 -1 -10 735 173 751 183 1.5 1.5 2 0 0 0 0 0.619
Car -1 -1 -10 672 175 688 191 1.5 1.5 2 0 0 0 0 0.615
Car -1 -1 -10 1005 157 1033 171 1.5 1.5 2 0 0 0 0 0.608
Car -1 -1 -10 1172 150 1238 168 1.5 1.5 2 0 0 0 0 0.597
Car -1 -1 -10 383 183 415 201 1.5 1.5 2 0 0 0 0 0.532
