Car -1 -1 -10 679 170 779 202 1.5 1.5 2 0 0 0 0 0.964
Car -1 -1 -10 498 183 532 207 1.5 1.5 2 0 0 0 0 0.948
Car -1 -1 -10 1002 154 1078 182 1.5 1.5 2 0 0 0 0 0.921
Car -1 -1 -10 634 176 656 192 1.5 1.5 2 0 0 0 0 0.880
Car -1 -1 -10 538 182 552 194 1.5 1.5 2 0 0 0 0 0.814
Car -1 -1 -10 605 178 625 192 1.5 1.5 2 0 0 0 0 0.802
Car -1 -1 -10 897 155 979 179 1.5 1.5 2 0 0 0 0 0.748
Car -1 -1 -10 512 182 541 200 1.5 1.5 2 0 0 0 0 0.726
Car -1 -1 -10 1061 153 1111 185 1.5 1.5 2 0 0 0 0 0.700
Car -1 -1 -10 585 180 601 190 1.5 1.5 2 0 0 0 0 0.698
Car -1 -1 -10 826 160 856 178 1.5 1.5 2 0 0 0 0 0.690
Car -1 -1 -10 572 180 588 190 1.5 1.5 2 0 0 0 0 0.683
Car -1 -1 -10 558 180 570 190 1.5 1.5 2 0 0 0 0 0.558
