Car -1 -1 -10 149 193 413 337 1.5 1.5 2 0 0 0 0 0.994
Car -1 -1 -10 -1 231 151 371 1.5 1.5 2 0 0 0 0 0.989
Car -1 -1 -10 393 191 485 263 1.5 1.5 2 0 0 0 0 0.987
Car -1 -1 -10 465 186 521 236 1.5 1.5 2 0 0 0 0 0.987
Car -1 -1 -10 746 174 830 226 1.5 1.5 2 0 0 0 0 0.981
Car -1 -1 -10 513 186 551 224 1.5 1.5 2 0 0 0 0 0.925
Car -1 -1 -10 1134 118 1309 234 1.5 1.5 2 0 0 0 0 0.919
Car -1 -1 -10 571 173 611 189 1.5 1.5 2 0 0 0 0 0.893
Car -1 -1 -10 653 184 693 216 1.5 1.5 2 0 0 0 0 0.882
Car -1 -1 -10 511 183 564 217 1.5 1.5 2 0 0 0 0 0.806
Car -1 -1 -10 533 184 571 208 1.5 1.5 2 0 0 0 0 0.616
Car -1 -1 -10 715 178 741 204 1.5 1.5 2 0 0 0 0 0.587
