Car -1 -1 -10 804 183 1044 337 1.5 1.5 2 0 0 0 0 0.999
Car -1 -1 -10 165 186 449 332 1.5 1.5 2 0 0 0 0 0.991
Car -1 -1 -10 572 173 684 237 1.5 1.5 2 0 0 0 0 0.990
Car -1 -1 -10 978 220 1232 372 1.5 1.5 2 0 0 0 0 0.975
Car -1 -1 -10 709 158 755 192 1.5 1.5 2 0 0 0 0 0.876
Car -1 -1 -10 674 168 706 202 1.5 1.5 2 0 0 0 0 0.876
Car -1 -1 -10 792 176 890 250 1.5 1.5 2 0 0 0 0 0.786
Car -1 -1 -10 166 188 218 212 1.5 1.5 2 0 0 0 0 0.657
Car -1 -1 -10 1043 144 1121 200 1.5 1.5 2 0 0 0 0 0.643
Car -1 -1 -10 941 148 1059 206 1.5 1.5 2 0 0 0 0 0.579
Car -1 -1 -10 733 161 757 187 1.5 1.5 2 0 0 0 0 0.522
