Car -1 -1 -10 678 187 764 249 1.5 1.5 2 0 0 0 0 0.996
Car -1 -1 -10 391 201 505 283 1.5 1.5 2 0 0 0 0 0.988
Car -1 -1 -10 523 190 561 224 1.5 1.5 2 0 0 0 0 0.961
Car -1 -1 -10 646 181 682 219 1.5 1.5 2 0 0 0 0 0.904
Car -1 -1 -10 556 189 574 209 1.5 1.5 2 0 0 0 0 0.886
Car -1 -1 -10 660 188 723 230 1.5 1.5 2 0 0 0 0 0.882
Car -1 -1 -10 634 183 667 205 1.5 1.5 2 0 0 0 0 0.856
Car -1 -1 -10 575 188 585 200 1.5 1.5 2 0 0 0 0 0.807
Car -1 -1 -10 420 187 525 257 1.5 1.5 2 0 0 0 0 0.763
Car -1 -1 -10 623 183 637 197 1.5 1.5 2 0 0 0 0 0.720
