Car -1 -1 -10 703 166 813 204 1.5 1.5 2 0 0 0 0 0.987
Car -1 -1 -10 948 154 1026 176 1.5 1.5 2 0 0 0 0 0.977
Car -1 -1 -10 507 179 547 205 1.5 1.5 2 0 0 0 0 0.940
Car -1 -1 -10 1064 148 1174 182 1.5 1.5 2 0 0 0 0 0.939
Car -1 -1 -10 585 175 605 189 1.5 1.5 2 0 0 0 0 0.927
Car -1 -1 -10 652 171 676 189 1.5 1.5 2 0 0 0 0 0.919
Car -1 -1 -10 555 178 571 190 1.5 1.5 2 0 0 0 0 0.801
Car -1 -1 -10 531 180 558 198 1.5 1.5 2 0 0 0 0 0.721
Car -1 -1 -10 1133 146 1233 184 1.5 1.5 2 0 0 0 0 0.676
Car -1 -1 -10 571 177 587 189 1.5 1.5 2 0 0 0 0 0.647
Car -1 -1 -10 619 173 639 189 1.5 1.5 2 0 0 0 0 0.646
Car -1 -1 -10 635 173 651 187 1.5 1.5 2 0 0 0 0 0.615
