Car -1 -1 -10 851 185 1215 379 1.5 1.5 2 0 0 0 0 0.999
Car -1 -1 -10 774 183 912 287 1.5 1.5 2 0 0 0 0 0.998
Car -1 -1 -10 344 188 486 274 1.5 1.5 2 0 0 0 0 0.996
Car -1 -1 -10 731 185 813 243 1.5 1.5 2 0 0 0 0 0.978
Car -1 -1 -10 470 186 522 246 1.5 1.5 2 0 0 0 0 0.975
Car -1 -1 -10 553 182 607 212 1.5 1.5 2 0 0 0 0 0.922
Car -1 -1 -10 512 177 554 225 1.5 1.5 2 0 0 0 0 0.867
Car -1 -1 -10 653 176 699 202 1.5 1.5 2 0 0 0 0 0.803
Car -1 -1 -10 860 160 898 190 1.5 1.5 2 0 0 0 0 0.777
Car -1 -1 -10 713 181 771 233 1.5 1.5 2 0 0 0 0 0.552
