Car -1 -1 -10 -3 190 177 278 1.5 1.5 2 0 0 0 0 0.999
Car -1 -1 -10 738 176 876 248 1.5 1.5 2 0 0 0 0 0.993
Car -1 -1 -10 165 182 297 248 1.5 1.5 2 0 0 0 0 0.992
Car -1 -1 -10 682 179 738 221 1.5 1.5 2 0 0 0 0 0.971
Car -1 -1 -10 588 174 638 216 1.5 1.5 2 0 0 0 0 0.908
Car -1 -1 -10 723 181 801 233 1.5 1.5 2 0 0 0 0 0.710
Car -1 -1 -10 648 178 672 200 1.5 1.5 2 0 0 0 0 0.670
Car -1 -1 -10 664 178 709 208 1.5 1.5 2 0 0 0 0 0.661
Car -1 -1 -10 537 183 557 195 1.5 1.5 2 0 0 0 0 0.546
Car -1 -1 -10 497 179 523 191 1.5 1.5 2 0 0 0 0 0.516
Car -1 -1 -10 539 180 557 190 1.5 1.5 2 0 0 0 0 0.511
