Car -1 -1 -10 1168 183 1228 207 1.5 1.5 2 0 0 0 0 0.934
Car -1 -1 -10 1131 182 1171 206 1.5 1.5 2 0 0 0 0 0.909
Car -1 -1 -10 576 184 610 216 1.5 1.5 2 0 0 0 0 0.896
Car -1 -1 -10 974 184 1014 202 1.5 1.5 2 0 0 0 0 0.874
Car -1 -1 -10 1223 186 1241 202 1.5 1.5 2 0 0 0 0 0.815
Car -1 -1 -10 799 179 825 193 1.5 1.5 2 0 0 0 0 0.805
Car -1 -1 -10 741 179 775 191 1.5 1.5 2 0 0 0 0 0.769
Car -1 -1 -10 1011 185 1059 201 1.5 1.5 2 0 0 0 0 0.747
Car -1 -1 -10 686 178 708 190 1.5 1.5 2 0 0 0 0 0.728
Car -1 -1 -10 729 180 757 190 1.5 1.5 2 0 0 0 0 0.650
Car -1 -1 -10 1092 183 1134 205 1.5 1.5 2 0 0 0 0 0.640
Car -1 -1 -10 310 188 338 206 1.5 1.5 2 0 0 0 0 0.574
Car -1 -1 -10 765 180 789 192 1.5 1.5 2 0 0 0 0 0.531
Car -1 -1 -10 51 205 121 225 1.5 1.5 2 0 0 0 0 0.515
