Car -1 -1 -10 304 194 436 262 1.5 1.5 2 0 0 0 0 0.993
Car -1 -1 -10 189 194 255 228 1.5 1.5 2 0 0 0 0 0.984
Car -1 -1 -10 443 175 703 297 1.5 1.5 2 0 0 0 0 0.977
Car -1 -1 -10 138 186 168 204 1.5 1.5 2 0 0 0 0 0.950
Car -1 -1 -10 700 178 764 220 1.5 1.5 2 0 0 0 0 0.918
Car -1 -1 -10 774 180 882 232 1.5 1.5 2 0 0 0 0 0.886
Car -1 -1 -10 390 179 470 215 1.5 1.5 2 0 0 0 0 0.884
Car -1 -1 -10 2 191 14 221 1.5 1.5 2 0 0 0 0 0.873
Car -1 -1 -10 167 190 215 222 1.5 1.5 2 0 0 0 0 0.831
Car -1 -1 -10 30 192 56 204 1.5 1.5 2 0 0 0 0 0.824
Car -1 -1 -10 65 189 89 199 1.5 1.5 2 0 0 0 0 0.817
Car -1 -1 -10 844 168 1008 228 1.5 1.5 2 0 0 0 0 0.733
