Car -1 -1 -10 469 182 539 236 1.5 1.5 2 0 0 0 0 0.981
Car -1 -1 -10 664 183 726 239 1.5 1.5 2 0 0 0 0 0.976
Car -1 -1 -10 201 190 465 360 1.5 1.5 2 0 0 0 0 0.965
Car -1 -1 -10 727 158 983 348 1.5 1.5 2 0 0 0 0 0.965
Car -1 -1 -10 537 183 565 201 1.5 1.5 2 0 0 0 0 0.951
Car -1 -1 -10 708 184 834 268 1.5 1.5 2 0 0 0 0 0.940
Car -1 -1 -10 607 174 621 184 1.5 1.5 2 0 0 0 0 0.749
Car -1 -1 -10 574 178 584 186 1.5 1.5 2 0 0 0 0 0.721
Car -1 -1 -10 551 181 571 197 1.5 1.5 2 0 0 0 0 0.656
Car -1 -1 -10 627 175 653 195 1.5 1.5 2 0 0 0 0 0.533
