Car -1 -1 -10 1064 188 1242 364 1.5 1.5 2 0 0 0 0 0.999
Car -1 -1 -10 857 185 1005 283 1.5 1.5 2 0 0 0 0 0.998
Car -1 -1 -10 946 191 1104 321 1.5 1.5 2 0 0 0 0 0.994
Car -1 -1 -10 6 198 234 338 1.5 1.5 2 0 0 0 0 0.991
Car -1 -1 -10 744 178 834 234 1.5 1.5 2 0 0 0 0 0.965
Car -1 -1 -10 769 179 899 251 1.5 1.5 2 0 0 0 0 0.941
Car -1 -1 -10 631 177 679 211 1.5 1.5 2 0 0 0 0 0.922
Car -1 -1 -10 397 181 497 215 1.5 1.5 2 0 0 0 0 0.912
Car -1 -1 -10 104 191 260 273 1.5 1.5 2 0 0 0 0 0.862
Car -1 -1 -10 0 195 40 359 1.5 1.5 2 0 0 0 0 0.745
Car -1 -1 -10 230 165 392 253 1.5 1.5 2 0 0 0 0 0.742
Car -1 -1 -10 186 188 314 276 1.5 1.5 2 0 0 0 0 0.697
