Car -1 -1 -10 163 189 373 323 1.5 1.5 2 0 0 0 0 0.991
Car -1 -1 -10 5 222 197 374 1.5 1.5 2 0 0 0 0 0.987
Car -1 -1 -10 727 172 781 226 1.5 1.5 2 0 0 0 0 0.980
Car -1 -1 -10 519 172 571 204 1.5 1.5 2 0 0 0 0 0.958
Car -1 -1 -10 589 172 611 184 1.5 1.5 2 0 0 0 0 0.897
Car -1 -1 -10 691 167 742 201 1.5 1.5 2 0 0 0 0 0.746
Car -1 -1 -10 598 171 618 181 1.5 1.5 2 0 0 0 0 0.684
Car -1 -1 -10 759 161 909 259 1.5 1.5 2 0 0 0 0 0.655
Car -1 -1 -10 689 171 726 195 1.5 1.5 2 0 0 0 0 0.650
Car -1 -1 -10 567 174 585 190 1.5 1.5 2 0 0 0 0 0.638
Car -1 -1 -10 635 170 649 178 1.5 1.5 2 0 0 0 0 0.520
