Car -1 -1 -10 796 207 1210 375 1.5 1.5 2 0 0 0 0 0.999
Car -1 -1 -10 279 176 401 246 1.5 1.5 2 0 0 0 0 0.982
Car -1 -1 -10 3 164 247 350 1.5 1.5 2 0 0 0 0 0.980
Car -1 -1 -10 669 180 727 220 1.5 1.5 2 0 0 0 0 0.977
Car -1 -1 -10 730 182 874 288 1.5 1.5 2 0 0 0 0 0.960
Car -1 -1 -10 -1 172 315 382 1.5 1.5 2 0 0 0 0 0.920
Car -1 -1 -10 386 177 478 223 1.5 1.5 2 0 0 0 0 0.912
Car -1 -1 -10 642 175 682 205 1.5 1.5 2 0 0 0 0 0.904
Car -1 -1 -10 90 156 344 272 1.5 1.5 2 0 0 0 0 0.891
Car -1 -1 -10 418 170 514 214 1.5 1.5 2 0 0 0 0 0.759
