Car -1 -1 -10 742 192 972 318 1.5 1.5 2 0 0 0 0 0.992
Car -1 -1 -10 870 223 1236 369 1.5 1.5 2 0 0 0 0 0.988
Car -1 -1 -10 -92 217 137 369 1.5 1.5 2 0 0 0 0 0.982
Car -1 -1 -10 6 157 202 321 1.5 1.5 2 0 0 0 0 0.982
Car -1 -1 -10 189 197 305 291 1.5 1.5 2 0 0 0 0 0.981
Car -1 -1 -10 195 171 371 257 1.5 1.5 2 0 0 0 0 0.981
Car -1 -1 -10 672 181 746 229 1.5 1.5 2 0 0 0 0 0.962
Car -1 -1 -10 335 174 473 226 1.5 1.5 2 0 0 0 0 0.900
Car -1 -1 -10 645 171 689 209 1.5 1.5 2 0 0 0 0 0.848
Car -1 -1 -10 402 167 500 215 1.5 1.5 2 0 0 0 0 0.735
