Car -1 -1 -10 294 194 440 272 1.5 1.5 2 0 0 0 0 0.998
Car -1 -1 -10 804 187 1038 329 1.5 1.5 2 0 0 0 0 0.998
Car -1 -1 -10 753 186 851 256 1.5 1.5 2 0 0 0 0 0.994
Car -1 -1 -10 427 188 499 236 1.5 1.5 2 0 0 0 0 0.992
Car -1 -1 -10 710 179 774 235 1.5 1.5 2 0 0 0 0 0.988
Car -1 -1 -10 975 203 1237 379 1.5 1.5 2 0 0 0 0 0.949
Car -1 -1 -10 525 181 567 203 1.5 1.5 2 0 0 0 0 0.932
Car -1 -1 -10 689 181 727 219 1.5 1.5 2 0 0 0 0 0.889
Car -1 -1 -10 470 185 518 227 1.5 1.5 2 0 0 0 0 0.887
Car -1 -1 -10 618 179 642 187 1.5 1.5 2 0 0 0 0 0.753
Car -1 -1 -10 568 178 592 190 1.5 1.5 2 0 0 0 0 0.662
