Car -1 -1 -10 137 183 377 287 1.5 1.5 2 0 0 0 0 0.993
Car -1 -1 -10 683 172 701 186 1.5 1.5 2 0 0 0 0 0.929
Car -1 -1 -10 703 168 745 202 1.5 1.5 2 0 0 0 0 0.915
Car -1 -1 -10 1202 155 1236 171 1.5 1.5 2 0 0 0 0 0.913
Car -1 -1 -10 407 183 447 217 1.5 1.5 2 0 0 0 0 0.886
Car -1 -1 -10 435 160 617 272 1.5 1.5 2 0 0 0 0 0.853
Car -1 -1 -10 1170 156 1202 174 1.5 1.5 2 0 0 0 0 0.852
Car -1 -1 -10 1040 160 1078 176 1.5 1.5 2 0 0 0 0 0.697
Car -1 -1 -10 1136 158 1172 174 1.5 1.5 2 0 0 0 0 0.677
Car -1 -1 -10 1103 159 1139 175 1.5 1.5 2 0 0 0 0 0.611
