Car -1 -1 -10 581 174 663 236 1.5 1.5 2 0 0 0 0 0.995
Car -1 -1 -10 21 166 225 236 1.5 1.5 2 0 0 0 0 0.984
Car -1 -1 -10 679 167 746 211 1.5 1.5 2 0 0 0 0 0.933
Car -1 -1 -10 406 171 494 227 1.5 1.5 2 0 0 0 0 0.890
Car -1 -1 -10 234 159 332 211 1.5 1.5 2 0 0 0 0 0.862
Car -1 -1 -10 449 169 511 215 1.5 1.5 2 0 0 0 0 0.859
Car -1 -1 -10 492 172 530 208 1.5 1.5 2 0 0 0 0 0.814
Car -1 -1 -10 548 167 572 187 1.5 1.5 2 0 0 0 0 0.805
Car -1 -1 -10 521 170 551 196 1.5 1.5 2 0 0 0 0 0.542
Car -1 -1 -10 533 166 557 190 1.5 1.5 2 0 0 0 0 0.507
