Car -1 -1 -10 685 183 759 239 1.5 1.5 2 0 0 0 0 0.971
Car -1 -1 -10 740 178 850 222 1.5 1.5 2 0 0 0 0 0.971
Car -1 -1 -10 281 188 407 256 1.5 1.5 2 0 0 0 0 0.958
Car -1 -1 -10 207 192 317 264 1.5 1.5 2 0 0 0 0 0.916
Car -1 -1 -10 2 183 218 345 1.5 1.5 2 0 0 0 0 0.910
Car -1 -1 -10 337 176 469 236 1.5 1.5 2 0 0 0 0 0.886
Car -1 -1 -10 629 174 659 196 1.5 1.5 2 0 0 0 0 0.620
Car -1 -1 -10 406 176 490 222 1.5 1.5 2 0 0 0 0 0.586
Car -1 -1 -10 688 175 730 189 1.5 1.5 2 0 0 0 0 0.578
Car -1 -1 -10 786 172 1234 382 1.5 1.5 2 0 0 0 0 0.506
