Car -1 -1 -10 851 147 1027 211 1.5 1.5 2 0 0 0 0 0.994
Car -1 -1 -10 335 197 405 259 1.5 1.5 2 0 0 0 0 0.992
Car -1 -1 -10 400 192 456 234 1.5 1.5 2 0 0 0 0 0.975
Car -1 -1 -10 186 203 342 295 1.5 1.5 2 0 0 0 0 0.968
Car -1 -1 -10 0 221 196 367 1.5 1.5 2 0 0 0 0 0.966
Car -1 -1 -10 1166 133 1242 179 1.5 1.5 2 0 0 0 0 0.950
Car -1 -1 -10 450 190 502 220 1.5 1.5 2 0 0 0 0 0.938
Car -1 -1 -10 660 176 730 212 1.5 1.5 2 0 0 0 0 0.915
Car -1 -1 -10 514 184 544 204 1.5 1.5 2 0 0 0 0 0.820
Car -1 -1 -10 799 157 883 201 1.5 1.5 2 0 0 0 0 0.792
Car -1 -1 -10 598 174 622 188 1.5 1.5 2 0 0 0 0 0.738
Car -1 -1 -10 647 177 686 203 1.5 1.5 2 0 0 0 0 0.691
Car -1 -1 -10 772 159 848 199 1.5 1.5 2 0 0 0 0 0.528
