Car -1 -1 -10 382 196 498 268 1.5 1.5 2 0 0 0 0 0.998
Car -1 -1 -10 48 197 286 339 1.5 1.5 2 0 0 0 0 0.996
Car -1 -1 -10 278 194 380 278 1.5 1.5 2 0 0 0 0 0.993
Car -1 -1 -10 420 168 533 242 1.5 1.5 2 0 0 0 0 0.923
Car -1 -1 -10 1118 145 1242 259 1.5 1.5 2 0 0 0 0 0.915
Car -1 -1 -10 615 180 641 204 1.5 1.5 2 0 0 0 0 0.823
Car -1 -1 -10 374 184 452 230 1.5 1.5 2 0 0 0 0 0.724
Car -1 -1 -10 629 177 697 205 1.5 1.5 2 0 0 0 0 0.723
Car -1 -1 -10 553 177 577 193 1.5 1.5 2 0 0 0 0 0.701
Car -1 -1 -10 568 176 588 190 1.5 1.5 2 0 0 0 0 0.574
Car -1 -1 -10 498 192 545 222 1.5 1.5 2 0 0 0 0 0.503
