Car -1 -1 -10 457 179 541 213 1.5 1.5 2 0 0 0 0 0.995
Car -1 -1 -10 216 188 364 246 1.5 1.5 2 0 0 0 0 0.989
Car -1 -1 -10 350 175 440 211 1.5 1.5 2 0 0 0 0 0.976
Car -1 -1 -10 2 188 88 238 1.5 1.5 2 0 0 0 0 0.913
Car -1 -1 -10 573 175 629 201 1.5 1.5 2 0 0 0 0 0.801
Car -1 -1 -10 520 171 568 197 1.5 1.5 2 0 0 0 0 0.789
Car -1 -1 -10 1185 153 1223 169 1.5 1.5 2 0 0 0 0 0.731
Car -1 -1 -10 694 169 724 185 1.5 1.5 2 0 0 0 0 0.664
Car -1 -1 -10 1073 157 1101 169 1.5 1.5 2 0 0 0 0 0.664
Car -1 -1 -10 1034 157 1070 171 1.5 1.5 2 0 0 0 0 0.609
Car -1 -1 -10 555 175 577 193 1.5 1.5 2 0 0 0 0 0.522
Car -1 -1 -10 1087 157 1121 169 1.5 1.5 2 0 0 0 0 0.504
