Car -1 -1 -10 27 220 407 372 1.5 1.5 2 0 0 0 0 0.999
Car -1 -1 -10 710 194 772 252 1.5 1.5 2 0 0 0 0 0.987
Car -1 -1 -10 816 194 1076 362 1.5 1.5 2 0 0 0 0 0.961
Car -1 -1 -10 559 190 597 212 1.5 1.5 2 0 0 0 0 0.898
Car -1 -1 -10 749 200 841 280 1.5 1.5 2 0 0 0 0 0.876
Car -1 -1 -10 454 177 556 253 1.5 1.5 2 0 0 0 0 0.816
Car -1 -1 -10 669 189 705 213 1.5 1.5 2 0 0 0 0 0.716
Car -1 -1 -10 653 189 667 203 1.5 1.5 2 0 0 0 0 0.651
Car -1 -1 -10 641 189 651 199 1.5 1.5 2 0 0 0 0 0.578
Car -1 -1 -10 607 187 619 195 1.5 1.5 2 0 0 0 0 0.529
Car -1 -1 -10 625 188 635 198 1.5 1.5 2 0 0 0 0 0.509
