Car -1 -1 -10 932 172 1210 360 1.5 1.5 2 0 0 0 0 0.992
Car -1 -1 -10 195 186 367 276 1.5 1.5 2 0 0 0 0 0.989
Car -1 -1 -10 368 186 434 216 1.5 1.5 2 0 0 0 0 0.982
Car -1 -1 -10 87 190 257 262 1.5 1.5 2 0 0 0 0 0.977
Car -1 -1 -10 684 182 744 228 1.5 1.5 2 0 0 0 0 0.970
Car -1 -1 -10 590 181 656 239 1.5 1.5 2 0 0 0 0 0.968
Car -1 -1 -10 534 182 568 202 1.5 1.5 2 0 0 0 0 0.958
Car -1 -1 -10 446 183 510 217 1.5 1.5 2 0 0 0 0 0.927
Car -1 -1 -10 730 183 848 245 1.5 1.5 2 0 0 0 0 0.927
Car -1 -1 -10 9 187 103 227 1.5 1.5 2 0 0 0 0 0.751
Car -1 -1 -10 0 191 38 241 1.5 1.5 2 0 0 0 0 0.662
