Car -1 -1 -10 725 189 859 273 1.5 1.5 2 0 0 0 0 0.995
Car -1 -1 -10 124 182 358 300 1.5 1.5 2 0 0 0 0 0.987
Car -1 -1 -10 230 187 392 261 1.5 1.5 2 0 0 0 0 0.980
Car -1 -1 -10 -96 171 163 343 1.5 1.5 2 0 0 0 0 0.976
Car -1 -1 -10 334 176 460 236 1.5 1.5 2 0 0 0 0 0.957
Car -1 -1 -10 655 175 705 211 1.5 1.5 2 0 0 0 0 0.957
Car -1 -1 -10 522 178 572 214 1.5 1.5 2 0 0 0 0 0.943
Car -1 -1 -10 870 237 1234 365 1.5 1.5 2 0 0 0 0 0.908
Car -1 -1 -10 445 175 525 207 1.5 1.5 2 0 0 0 0 0.899
Car -1 -1 -10 -154 220 75 372 1.5 1.5 2 0 0 0 0 0.792
Car -1 -1 -10 629 171 653 189 1.5 1.5 2 0 0 0 0 0.720
