Car -1 -1 -10 612 196 774 284 1.5 1.5 2 0 0 0 0 0.994
Car -1 -1 -10 498 188 566 226 1.5 1.5 2 0 0 0 0 0.990
Car -1 -1 -10 -82 235 132 377 1.5 1.5 2 0 0 0 0 0.973
Car -1 -1 -10 71 214 227 322 1.5 1.5 2 0 0 0 0 0.954
Car -1 -1 -10 809 136 1239 374 1.5 1.5 2 0 0 0 0 0.930
Car -1 -1 -10 332 192 390 218 1.5 1.5 2 0 0 0 0 0.885
Car -1 -1 -10 699 169 797 217 1.5 1.5 2 0 0 0 0 0.842
Car -1 -1 -10 412 188 428 198 1.5 1.5 2 0 0 0 0 0.830
Car -1 -1 -10 443 185 457 193 1.5 1.5 2 0 0 0 0 0.812
Car -1 -1 -10 487 185 507 199 1.5 1.5 2 0 0 0 0 0.801
Car -1 -1 -10 421 187 439 197 1.5 1.5 2 0 0 0 0 0.767
Car -1 -1 -10 371 191 393 207 1.5 1.5 2 0 0 0 0 0.622
