Car -1 -1 -10 381 186 491 260 1.5 1.5 2 0 0 0 0 0.997
Car -1 -1 -10 -1 196 183 288 1.5 1.5 2 0 0 0 0 0.986
Car -1 -1 -10 574 179 620 217 1.5 1.5 2 0 0 0 0 0.976
Car -1 -1 -10 100 189 212 227 1.5 1.5 2 0 0 0 0 0.955
Car -1 -1 -10 -7 243 207 373 1.5 1.5 2 0 0 0 0 0.955
Car -1 -1 -10 338 184 398 230 1.5 1.5 2 0 0 0 0 0.944
Car -1 -1 -10 489 183 545 221 1.5 1.5 2 0 0 0 0 0.939
Car -1 -1 -10 207 179 345 251 1.5 1.5 2 0 0 0 0 0.935
Car -1 -1 -10 452 183 484 203 1.5 1.5 2 0 0 0 0 0.562
Car -1 -1 -10 468 183 496 207 1.5 1.5 2 0 0 0 0 0.545
