Car -1 -1 -10 -17 187 399 359 1.5 1.5 2 0 0 0 0 0.999
Car -1 -1 -10 1050 193 1234 353 1.5 1.5 2 0 0 0 0 0.996
Car -1 -1 -10 583 185 707 251 1.5 1.5 2 0 0 0 0 0.995
Car -1 -1 -10 720 175 792 215 1.5 1.5 2 0 0 0 0 0.980
Car -1 -1 -10 954 180 1044 242 1.5 1.5 2 0 0 0 0 0.973
Car -1 -1 -10 821 172 861 194 1.5 1.5 2 0 0 0 0 0.935
Car -1 -1 -10 904 170 946 188 1.5 1.5 2 0 0 0 0 0.828
Car -1 -1 -10 939 175 999 215 1.5 1.5 2 0 0 0 0 0.790
Car -1 -1 -10 769 172 817 204 1.5 1.5 2 0 0 0 0 0.722
Car -1 -1 -10 549 177 583 189 1.5 1.5 2 0 0 0 0 0.640
Car -1 -1 -10 999 165 1031 183 1.5 1.5 2 0 0 0 0 0.560
