Car -1 -1 -10 848 204 1250 380 1.5 1.5 2 0 0 0 0 0.999
Car -1 -1 -10 434 186 508 234 1.5 1.5 2 0 0 0 0 0.991
Car -1 -1 -10 733 182 811 242 1.5 1.5 2 0 0 0 0 0.978
Car -1 -1 -10 775 182 931 282 1.5 1.5 2 0 0 0 0 0.963
Car -1 -1 -10 554 182 584 200 1.5 1.5 2 0 0 0 0 0.858
Car -1 -1 -10 499 185 535 219 1.5 1.5 2 0 0 0 0 0.840
Car -1 -1 -10 511 185 552 211 1.5 1.5 2 0 0 0 0 0.831
Car -1 -1 -10 692 180 744 214 1.5 1.5 2 0 0 0 0 0.831
Car -1 -1 -10 714 181 770 231 1.5 1.5 2 0 0 0 0 0.742
Car -1 -1 -10 710 180 774 222 1.5 1.5 2 0 0 0 0 0.725
Car -1 -1 -10 684 178 729 208 1.5 1.5 2 0 0 0 0 0.711
Car -1 -1 -10 945 174 1003 204 1.5 1.5 2 0 0 0 0 0.676
