Car -1 -1 -10 715 185 863 291 1.5 1.5 2 0 0 0 0 0.999
Car -1 -1 -10 601 186 719 262 1.5 1.5 2 0 0 0 0 0.989
Car -1 -1 -10 223 189 333 261 1.5 1.5 2 0 0 0 0 0.956
Car -1 -1 -10 427 173 469 215 1.5 1.5 2 0 0 0 0 0.887
Car -1 -1 -10 490 181 536 211 1.5 1.5 2 0 0 0 0 0.867
Car -1 -1 -10 293 183 351 237 1.5 1.5 2 0 0 0 0 0.859
Car -1 -1 -10 474 179 510 203 1.5 1.5 2 0 0 0 0 0.700
Car -1 -1 -10 514 183 571 221 1.5 1.5 2 0 0 0 0 0.550
Car -1 -1 -10 379 178 395 190 1.5 1.5 2 0 0 0 0 0.544
Car -1 -1 -10 392 177 404 189 1.5 1.5 2 0 0 0 0 0.517
