Car -1 -1 -10 909 176 1133 330 1.5 1.5 2 0 0 0 0 0.997
Car -1 -1 -10 733 179 909 257 1.5 1.5 2 0 0 0 0 0.995
Car -1 -1 -10 242 181 376 235 1.5 1.5 2 0 0 0 0 0.986
Car -1 -1 -10 4 194 118 354 1.5 1.5 2 0 0 0 0 0.983
Car -1 -1 -10 593 179 665 235 1.5 1.5 2 0 0 0 0 0.973
Car -1 -1 -10 56 184 170 262 1.5 1.5 2 0 0 0 0 0.953
Car -1 -1 -10 464 179 488 205 1.5 1.5 2 0 0 0 0 0.916
Car -1 -1 -10 398 185 466 231 1.5 1.5 2 0 0 0 0 0.844
Car -1 -1 -10 163 185 235 215 1.5 1.5 2 0 0 0 0 0.705
Car -1 -1 -10 367 190 439 234 1.5 1.5 2 0 0 0 0 0.527
