Car -1 -1 -10 834 210 1240 370 1.5 1.5 2 0 0 0 0 0.998
Car -1 -1 -10 352 183 556 315 1.5 1.5 2 0 0 0 0 0.997
Car -1 -1 -10 784 187 980 329 1.5 1.5 2 0 0 0 0 0.976
Car -1 -1 -10 720 176 768 214 1.5 1.5 2 0 0 0 0 0.967
Car -1 -1 -10 521 181 586 223 1.5 1.5 2 0 0 0 0 0.959
Car -1 -1 -10 586 171 642 209 1.5 1.5 2 0 0 0 0 0.945
Car -1 -1 -10 950 155 1088 207 1.5 1.5 2 0 0 0 0 0.725
Car -1 -1 -10 776 168 834 194 1.5 1.5 2 0 0 0 0 0.708
Car -1 -1 -10 366 189 402 199 1.5 1.5 2 0 0 0 0 0.616
Car -1 -1 -10 869 170 939 186 1.5 1.5 2 0 0 0 0 0.570
