Car -1 -1 -10 609 170 693 228 1.5 1.5 2 0 0 0 0 0.985
Car -1 -1 -10 256 188 370 230 1.5 1.5 2 0 0 0 0 0.969
Car -1 -1 -10 432 180 494 212 1.5 1.5 2 0 0 0 0 0.934
Car -1 -1 -10 682 172 704 192 1.5 1.5 2 0 0 0 0 0.913
Car -1 -1 -10 1202 155 1236 171 1.5 1.5 2 0 0 0 0 0.905
Car -1 -1 -10 1170 156 1202 174 1.5 1.5 2 0 0 0 0 0.857
Car -1 -1 -10 537 172 569 194 1.5 1.5 2 0 0 0 0 0.790
Car -1 -1 -10 1039 159 1079 177 1.5 1.5 2 0 0 0 0 0.759
Car -1 -1 -10 1136 158 1172 174 1.5 1.5 2 0 0 0 0 0.646
Car -1 -1 -10 510 171 540 193 1.5 1.5 2 0 0 0 0 0.560
Car -1 -1 -10 1103 158 1139 176 1.5 1.5 2 0 0 0 0 0.538
