Car -1 -1 -10 624 212 856 348 1.5 1.5 2 0 0 0 0 0.993
Car -1 -1 -10 564 205 670 291 1.5 1.5 2 0 0 0 0 0.992
Car -1 -1 -10 779 229 1211 373 1.5 1.5 2 0 0 0 0 0.990
Car -1 -1 -10 24 226 248 380 1.5 1.5 2 0 0 0 0 0.984
Car -1 -1 -10 208 219 300 299 1.5 1.5 2 0 0 0 0 0.974
Car -1 -1 -10 513 196 585 264 1.5 1.5 2 0 0 0 0 0.966
Car -1 -1 -10 0 269 58 381 1.5 1.5 2 0 0 0 0 0.864
Car -1 -1 -10 479 200 517 246 1.5 1.5 2 0 0 0 0 0.794
Car -1 -1 -10 286 195 358 251 1.5 1.5 2 0 0 0 0 0.721
Car -1 -1 -10 454 199 472 225 1.5 1.5 2 0 0 0 0 0.639
