Car -1 -1 -10 803 176 1047 336 1.5 1.5 2 0 0 0 0 0.997
Car -1 -1 -10 393 187 497 245 1.5 1.5 2 0 0 0 0 0.997
Car -1 -1 -10 756 183 852 259 1.5 1.5 2 0 0 0 0 0.988
Car -1 -1 -10 721 180 789 236 1.5 1.5 2 0 0 0 0 0.979
Car -1 -1 -10 1010 230 1234 376 1.5 1.5 2 0 0 0 0 0.957
Car -1 -1 -10 544 180 582 200 1.5 1.5 2 0 0 0 0 0.954
Car -1 -1 -10 475 183 527 221 1.5 1.5 2 0 0 0 0 0.875
Car -1 -1 -10 693 180 748 216 1.5 1.5 2 0 0 0 0 0.769
Car -1 -1 -10 498 183 540 211 1.5 1.5 2 0 0 0 0 0.753
Car -1 -1 -10 683 179 728 209 1.5 1.5 2 0 0 0 0 0.550
