Car -1 -1 -10 435 189 533 261 1.5 1.5 2 0 0 0 0 0.994
Car -1 -1 -10 631 181 659 203 1.5 1.5 2 0 0 0 0 0.962
Car -1 -1 -10 65 166 431 380 1.5 1.5 2 0 0 0 0 0.944
Car -1 -1 -10 504 171 578 219 1.5 1.5 2 0 0 0 0 0.783
Car -1 -1 -10 763 164 1169 382 1.5 1.5 2 0 0 0 0 0.748
Car -1 -1 -10 672 172 688 184 1.5 1.5 2 0 0 0 0 0.746
Car -1 -1 -10 496 171 562 229 1.5 1.5 2 0 0 0 0 0.580
Car -1 -1 -10 704 159 716 171 1.5 1.5 2 0 0 0 0 0.561
Car -1 -1 -10 653 172 671 186 1.5 1.5 2 0 0 0 0 0.559
Car -1 -1 -10 685 169 699 181 1.5 1.5 2 0 0 0 0 0.548
Car -1 -1 -10 653 179 677 201 1.5 1.5 2 0 0 0 0 0.513
