Car -1 -1 -10 748 189 1012 343 1.5 1.5 2 0 0 0 0 0.999
Car -1 -1 -10 935 232 1235 372 1.5 1.5 2 0 0 0 0 0.995
Car -1 -1 -10 673 185 749 231 1.5 1.5 2 0 0 0 0 0.976
Car -1 -1 -10 303 179 453 233 1.5 1.5 2 0 0 0 0 0.951
Car -1 -1 -10 139 210 271 310 1.5 1.5 2 0 0 0 0 0.949
Car -1 -1 -10 647 176 699 212 1.5 1.5 2 0 0 0 0 0.886
Car -1 -1 -10 145 179 345 277 1.5 1.5 2 0 0 0 0 0.868
Car -1 -1 -10 -156 242 45 376 1.5 1.5 2 0 0 0 0 0.847
Car -1 -1 -10 394 171 502 217 1.5 1.5 2 0 0 0 0 0.802
Car -1 -1 -10 481 178 513 208 1.5 1.5 2 0 0 0 0 0.709
Car -1 -1 -10 -1 145 302 347 1.5 1.5 2 0 0 0 0 0.543
