Car -1 -1 -10 2 201 290 379 1.5 1.5 2 0 0 0 0 0.997
Car -1 -1 -10 433 187 495 245 1.5 1.5 2 0 0 0 0 0.994
Car -1 -1 -10 285 189 449 287 1.5 1.5 2 0 0 0 0 0.991
Car -1 -1 -10 1029 126 1245 218 1.5 1.5 2 0 0 0 0 0.991
Car -1 -1 -10 514 178 550 216 1.5 1.5 2 0 0 0 0 0.949
Car -1 -1 -10 721 172 797 218 1.5 1.5 2 0 0 0 0 0.913
Car -1 -1 -10 481 178 521 224 1.5 1.5 2 0 0 0 0 0.872
Car -1 -1 -10 642 180 680 206 1.5 1.5 2 0 0 0 0 0.765
Car -1 -1 -10 541 178 559 210 1.5 1.5 2 0 0 0 0 0.698
Car -1 -1 -10 676 178 704 204 1.5 1.5 2 0 0 0 0 0.695
