Car -1 -1 -10 823 178 1103 294 1.5 1.5 2 0 0 0 0 0.999
Car -1 -1 -10 986 188 1244 368 1.5 1.5 2 0 0 0 0 0.993
Car -1 -1 -10 630 183 692 227 1.5 1.5 2 0 0 0 0 0.988
Car -1 -1 -10 611 176 643 200 1.5 1.5 2 0 0 0 0 0.853
Car -1 -1 -10 503 176 527 194 1.5 1.5 2 0 0 0 0 0.807
Car -1 -1 -10 253 182 425 228 1.5 1.5 2 0 0 0 0 0.793
Car -1 -1 -10 -3 165 191 343 1.5 1.5 2 0 0 0 0 0.726
Car -1 -1 -10 462 182 496 208 1.5 1.5 2 0 0 0 0 0.647
Car -1 -1 -10 539 175 555 187 1.5 1.5 2 0 0 0 0 0.589
Car -1 -1 -10 575 172 587 180 1.5 1.5 2 0 0 0 0 0.569
Car -1 -1 -10 555 174 567 182 1.5 1.5 2 0 0 0 0 0.517
