Car -1 -1 -10 362 198 496 296 1.5 1.5 2 0 0 0 0 0.997
Car -1 -1 -10 905 218 1227 370 1.5 1.5 2 0 0 0 0 0.984
Car -1 -1 -10 714 195 980 347 1.5 1.5 2 0 0 0 0 0.980
Car -1 -1 -10 519 177 561 211 1.5 1.5 2 0 0 0 0 0.957
Car -1 -1 -10 572 178 584 186 1.5 1.5 2 0 0 0 0 0.789
Car -1 -1 -10 609 173 621 181 1.5 1.5 2 0 0 0 0 0.749
Car -1 -1 -10 561 179 575 191 1.5 1.5 2 0 0 0 0 0.722
Car -1 -1 -10 619 173 633 185 1.5 1.5 2 0 0 0 0 0.691
Car -1 -1 -10 638 173 672 203 1.5 1.5 2 0 0 0 0 0.635
Car -1 -1 -10 633 173 661 193 1.5 1.5 2 0 0 0 0 0.580
