Car -1 -1 -10 962 164 1238 260 1.5 1.5 2 0 0 0 0 0.998
Car -1 -1 -10 142 202 336 294 1.5 1.5 2 0 0 0 0 0.995
Car -1 -1 -10 680 181 764 237 1.5 1.5 2 0 0 0 0 0.977
Car -1 -1 -10 888 147 1102 235 1.5 1.5 2 0 0 0 0 0.942
Car -1 -1 -10 818 159 960 225 1.5 1.5 2 0 0 0 0 0.931
Car -1 -1 -10 -1 244 109 376 1.5 1.5 2 0 0 0 0 0.907
Car -1 -1 -10 461 185 509 217 1.5 1.5 2 0 0 0 0 0.832
Car -1 -1 -10 522 183 540 199 1.5 1.5 2 0 0 0 0 0.831
Car -1 -1 -10 340 203 422 249 1.5 1.5 2 0 0 0 0 0.774
Car -1 -1 -10 490 185 520 205 1.5 1.5 2 0 0 0 0 0.727
Car -1 -1 -10 376 187 454 239 1.5 1.5 2 0 0 0 0 0.529
