Car -1 -1 -10 775 200 1231 382 1.5 1.5 2 0 0 0 0 0.999
Car -1 -1 -10 203 196 477 356 1.5 1.5 2 0 0 0 0 0.996
Car -1 -1 -10 460 183 544 241 1.5 1.5 2 0 0 0 0 0.993
Car -1 -1 -10 649 176 701 216 1.5 1.5 2 0 0 0 0 0.961
Car -1 -1 -10 551 180 579 198 1.5 1.5 2 0 0 0 0 0.936
Car -1 -1 -10 632 175 656 195 1.5 1.5 2 0 0 0 0 0.652
Car -1 -1 -10 622 175 634 185 1.5 1.5 2 0 0 0 0 0.638
Car -1 -1 -10 723 165 923 303 1.5 1.5 2 0 0 0 0 0.592
Car -1 -1 -10 575 177 587 189 1.5 1.5 2 0 0 0 0 0.541
Car -1 -1 -10 592 178 600 186 1.5 1.5 2 0 0 0 0 0.534
