Car -1 -1 -10 255 190 317 224 1.5 1.5 2 0 0 0 0 0.987
Car -1 -1 -10 362 194 494 260 1.5 1.5 2 0 0 0 0 0.985
Car -1 -1 -10 851 169 969 231 1.5 1.5 2 0 0 0 0 0.976
Car -1 -1 -10 495 170 783 308 1.5 1.5 2 0 0 0 0 0.960
Car -1 -1 -10 775 173 847 219 1.5 1.5 2 0 0 0 0 0.959
Car -1 -1 -10 213 185 239 201 1.5 1.5 2 0 0 0 0 0.916
Car -1 -1 -10 34 191 100 219 1.5 1.5 2 0 0 0 0 0.909
Car -1 -1 -10 442 175 528 213 1.5 1.5 2 0 0 0 0 0.899
Car -1 -1 -10 116 188 136 200 1.5 1.5 2 0 0 0 0 0.819
Car -1 -1 -10 148 186 168 194 1.5 1.5 2 0 0 0 0 0.809
Car -1 -1 -10 938 162 1124 228 1.5 1.5 2 0 0 0 0 0.779
Car -1 -1 -10 123 189 147 199 1.5 1.5 2 0 0 0 0 0.760
Car -1 -1 -10 239 189 273 211 1.5 1.5 2 0 0 0 0 0.726
Car -1 -1 -10 75 190 103 208 1.5 1.5 2 0 0 0 0 0.712
