Car -1 -1 -10 -2 203 224 343 1.5 1.5 2 0 0 0 0 0.988
Car -1 -1 -10 728 167 956 317 1.5 1.5 2 0 0 0 0 0.940
Car -1 -1 -10 695 183 792 247 1.5 1.5 2 0 0 0 0 0.862
Car -1 -1 -10 676 185 749 233 1.5 1.5 2 0 0 0 0 0.837
Car -1 -1 -10 224 165 396 251 1.5 1.5 2 0 0 0 0 0.811
Car -1 -1 -10 36 194 252 280 1.5 1.5 2 0 0 0 0 0.781
Car -1 -1 -10 174 187 322 275 1.5 1.5 2 0 0 0 0 0.771
Car -1 -1 -10 348 168 448 234 1.5 1.5 2 0 0 0 0 0.676
Car -1 -1 -10 649 178 681 208 1.5 1.5 2 0 0 0 0 0.671
Car -1 -1 -10 425 171 503 213 1.5 1.5 2 0 0 0 0 0.593
