Car -1 -1 -10 278 194 494 318 1.5 1.5 2 0 0 0 0 0.997
Car -1 -1 -10 515 185 601 239 1.5 1.5 2 0 0 0 0 0.991
Car -1 -1 -10 805 188 903 266 1.5 1.5 2 0 0 0 0 0.991
Car -1 -1 -10 1039 211 1227 377 1.5 1.5 2 0 0 0 0 0.904
Car -1 -1 -10 770 182 854 238 1.5 1.5 2 0 0 0 0 0.896
Car -1 -1 -10 371 189 403 201 1.5 1.5 2 0 0 0 0 0.891
Car -1 -1 -10 627 184 665 206 1.5 1.5 2 0 0 0 0 0.866
Car -1 -1 -10 435 187 457 199 1.5 1.5 2 0 0 0 0 0.846
Car -1 -1 -10 712 181 744 199 1.5 1.5 2 0 0 0 0 0.840
Car -1 -1 -10 751 180 791 220 1.5 1.5 2 0 0 0 0 0.761
Car -1 -1 -10 554 187 610 223 1.5 1.5 2 0 0 0 0 0.668
Car -1 -1 -10 472 188 488 200 1.5 1.5 2 0 0 0 0 0.660
Car -1 -1 -10 578 183 625 213 1.5 1.5 2 0 0 0 0 0.653
Car -1 -1 -10 520 184 546 198 1.5 1.5 2 0 0 0 0 0.534
Car -1 -1 -10 729 181 749 199 1.5 1.5 2 0 0 0 0 0.518
Car -1 -1 -10 844 172 878 190 1.5 1.5 2 0 0 0 0 0.516
