Car -1 -1 -10 743 164 947 232 1.5 1.5 2 0 0 0 0 0.998
Car -1 -1 -10 444 183 496 227 1.5 1.5 2 0 0 0 0 0.990
Car -1 -1 -10 1059 146 1179 182 1.5 1.5 2 0 0 0 0 0.989
Car -1 -1 -10 502 181 526 211 1.5 1.5 2 0 0 0 0 0.979
Car -1 -1 -10 532 175 572 209 1.5 1.5 2 0 0 0 0 0.969
Car -1 -1 -10 1002 150 1072 180 1.5 1.5 2 0 0 0 0 0.802
Car -1 -1 -10 760 155 848 191 1.5 1.5 2 0 0 0 0 0.789
Car -1 -1 -10 645 172 683 196 1.5 1.5 2 0 0 0 0 0.764
Car -1 -1 -10 491 183 511 213 1.5 1.5 2 0 0 0 0 0.716
Car -1 -1 -10 519 181 535 207 1.5 1.5 2 0 0 0 0 0.680
Car -1 -1 -10 940 154 1000 178 1.5 1.5 2 0 0 0 0 0.580
