Car -1 -1 -10 497 181 531 203 1.5 1.5 2 0 0 0 0 0.972
Car -1 -1 -10 383 183 447 215 1.5 1.5 2 0 0 0 0 0.963
Car -1 -1 -10 523 173 657 255 1.5 1.5 2 0 0 0 0 0.956
Car -1 -1 -10 730 172 752 186 1.5 1.5 2 0 0 0 0 0.932
Car -1 -1 -10 686 172 706 188 1.5 1.5 2 0 0 0 0 0.898
Car -1 -1 -10 1201 155 1237 171 1.5 1.5 2 0 0 0 0 0.887
Car -1 -1 -10 0 198 116 264 1.5 1.5 2 0 0 0 0 0.816
Car -1 -1 -10 1170 157 1202 175 1.5 1.5 2 0 0 0 0 0.796
Car -1 -1 -10 1039 159 1079 177 1.5 1.5 2 0 0 0 0 0.735
Car -1 -1 -10 1136 158 1172 174 1.5 1.5 2 0 0 0 0 0.587
Car -1 -1 -10 295 192 317 206 1.5 1.5 2 0 0 0 0 0.585
Car -1 -1 -10 1103 159 1141 175 1.5 1.5 2 0 0 0 0 0.543
Car -1 -1 -10 716 174 728 184 1.5 1.5 2 0 0 0 0 0.522
