Car -1 -1 -10 4 224 184 370 1.5 1.5 2 0 0 0 0 0.994
Car -1 -1 -10 214 191 322 235 1.5 1.5 2 0 0 0 0 0.947
Car -1 -1 -10 728 170 756 188 1.5 1.5 2 0 0 0 0 0.936
Car -1 -1 -10 1202 155 1236 171 1.5 1.5 2 0 0 0 0 0.917
Car -1 -1 -10 674 170 706 192 1.5 1.5 2 0 0 0 0 0.885
Car -1 -1 -10 1170 156 1202 174 1.5 1.5 2 0 0 0 0 0.870
Car -1 -1 -10 446 182 488 206 1.5 1.5 2 0 0 0 0 0.850
Car -1 -1 -10 1039 160 1079 176 1.5 1.5 2 0 0 0 0 0.732
Car -1 -1 -10 1136 158 1172 174 1.5 1.5 2 0 0 0 0 0.685
Car -1 -1 -10 704 173 714 185 1.5 1.5 2 0 0 0 0 0.610
Car -1 -1 -10 1104 159 1140 175 1.5 1.5 2 0 0 0 0 0.548
