Car -1 -1 -10 369 191 473 271 1.5 1.5 2 0 0 0 0 0.996
Car -1 -1 -10 41 192 397 366 1.5 1.5 2 0 0 0 0 0.993
Car -1 -1 -10 453 185 513 243 1.5 1.5 2 0 0 0 0 0.991
Car -1 -1 -10 755 173 851 229 1.5 1.5 2 0 0 0 0 0.982
Car -1 -1 -10 512 187 550 227 1.5 1.5 2 0 0 0 0 0.952
Car -1 -1 -10 655 184 703 216 1.5 1.5 2 0 0 0 0 0.939
Car -1 -1 -10 693 182 723 210 1.5 1.5 2 0 0 0 0 0.858
Car -1 -1 -10 556 185 572 209 1.5 1.5 2 0 0 0 0 0.817
Car -1 -1 -10 534 183 564 217 1.5 1.5 2 0 0 0 0 0.727
Car -1 -1 -10 718 177 742 205 1.5 1.5 2 0 0 0 0 0.605
Car -1 -1 -10 1216 136 1240 218 1.5 1.5 2 0 0 0 0 0.503
