Car -1 -1 -10 -9 183 221 299 1.5 1.5 2 0 0 0 0 0.987
Car -1 -1 -10 211 179 331 243 1.5 1.5 2 0 0 0 0 0.967
Car -1 -1 -10 311 183 391 231 1.5 1.5 2 0 0 0 0 0.945
Car -1 -1 -10 407 179 465 211 1.5 1.5 2 0 0 0 0 0.907
Car -1 -1 -10 647 172 675 192 1.5 1.5 2 0 0 0 0 0.872
Car -1 -1 -10 679 173 703 189 1.5 1.5 2 0 0 0 0 0.843
Car -1 -1 -10 119 179 253 253 1.5 1.5 2 0 0 0 0 0.791
Car -1 -1 -10 583 179 605 189 1.5 1.5 2 0 0 0 0 0.750
Car -1 -1 -10 1060 152 1176 180 1.5 1.5 2 0 0 0 0 0.704
Car -1 -1 -10 458 180 493 202 1.5 1.5 2 0 0 0 0 0.688
Car -1 -1 -10 571 181 593 189 1.5 1.5 2 0 0 0 0 0.671
Car -1 -1 -10 488 180 508 198 1.5 1.5 2 0 0 0 0 0.666
Car -1 -1 -10 903 156 977 176 1.5 1.5 2 0 0 0 0 0.653
Car -1 -1 -10 456 182 493 206 1.5 1.5 2 0 0 0 0 0.623
