Car -1 -1 -10 9 190 207 268 1.5 1.5 2 0 0 0 0 1.000
Car -1 -1 -10 728 176 862 240 1.5 1.5 2 0 0 0 0 0.993
Car -1 -1 -10 180 176 310 242 1.5 1.5 2 0 0 0 0 0.946
Car -1 -1 -10 681 181 735 217 1.5 1.5 2 0 0 0 0 0.944
Car -1 -1 -10 589 174 637 214 1.5 1.5 2 0 0 0 0 0.831
Car -1 -1 -10 498 178 524 192 1.5 1.5 2 0 0 0 0 0.643
Car -1 -1 -10 648 179 670 199 1.5 1.5 2 0 0 0 0 0.611
Car -1 -1 -10 540 179 558 189 1.5 1.5 2 0 0 0 0 0.579
Car -1 -1 -10 713 180 769 218 1.5 1.5 2 0 0 0 0 0.538
Car -1 -1 -10 664 180 707 208 1.5 1.5 2 0 0 0 0 0.517
