Car -1 -1 -10 4 209 118 353 1.5 1.5 2 0 0 0 0 0.996
Car -1 -1 -10 813 171 1027 285 1.5 1.5 2 0 0 0 0 0.993
Car -1 -1 -10 393 182 471 232 1.5 1.5 2 0 0 0 0 0.993
Car -1 -1 -10 179 190 327 246 1.5 1.5 2 0 0 0 0 0.990
Car -1 -1 -10 594 184 660 238 1.5 1.5 2 0 0 0 0 0.962
Car -1 -1 -10 708 182 810 230 1.5 1.5 2 0 0 0 0 0.914
Car -1 -1 -10 313 176 379 226 1.5 1.5 2 0 0 0 0 0.904
Car -1 -1 -10 568 183 592 197 1.5 1.5 2 0 0 0 0 0.897
Car -1 -1 -10 674 184 724 216 1.5 1.5 2 0 0 0 0 0.830
Car -1 -1 -10 494 182 542 208 1.5 1.5 2 0 0 0 0 0.710
Car -1 -1 -10 25 182 159 238 1.5 1.5 2 0 0 0 0 0.707
