Car -1 -1 -10 505 188 643 292 1.5 1.5 2 0 0 0 0 0.999
Car -1 -1 -10 744 169 934 307 1.5 1.5 2 0 0 0 0 0.997
Car -1 -1 -10 681 181 775 249 1.5 1.5 2 0 0 0 0 0.996
Car -1 -1 -10 649 176 703 222 1.5 1.5 2 0 0 0 0 0.979
Car -1 -1 -10 67 188 147 210 1.5 1.5 2 0 0 0 0 0.944
Car -1 -1 -10 576 168 644 220 1.5 1.5 2 0 0 0 0 0.828
Car -1 -1 -10 154 186 228 204 1.5 1.5 2 0 0 0 0 0.800
Car -1 -1 -10 243 186 303 206 1.5 1.5 2 0 0 0 0 0.641
Car -1 -1 -10 613 175 675 215 1.5 1.5 2 0 0 0 0 0.629
Car -1 -1 -10 335 178 401 202 1.5 1.5 2 0 0 0 0 0.571
