Car -1 -1 -10 1 197 209 281 1.5 1.5 2 0 0 0 0 0.997
Car -1 -1 -10 182 187 328 277 1.5 1.5 2 0 0 0 0 0.995
Car -1 -1 -10 595 181 695 273 1.5 1.5 2 0 0 0 0 0.991
Car -1 -1 -10 343 187 419 223 1.5 1.5 2 0 0 0 0 0.972
Car -1 -1 -10 500 185 540 207 1.5 1.5 2 0 0 0 0 0.899
Car -1 -1 -10 724 175 850 239 1.5 1.5 2 0 0 0 0 0.847
Car -1 -1 -10 588 188 604 200 1.5 1.5 2 0 0 0 0 0.706
Car -1 -1 -10 570 183 588 195 1.5 1.5 2 0 0 0 0 0.683
Car -1 -1 -10 411 182 447 214 1.5 1.5 2 0 0 0 0 0.675
Car -1 -1 -10 687 178 735 212 1.5 1.5 2 0 0 0 0 0.600
Car -1 -1 -10 466 184 494 204 1.5 1.5 2 0 0 0 0 0.535
Car -1 -1 -10 450 184 486 206 1.5 1.5 2 0 0 0 0 0.523
