Car -1 -1 -10 781 186 1119 358 1.5 1.5 2 0 0 0 0 1.000
Car -1 -1 -10 -5 209 149 371 1.5 1.5 2 0 0 0 0 0.996
Car -1 -1 -10 126 186 320 296 1.5 1.5 2 0 0 0 0 0.980
Car -1 -1 -10 469 176 519 202 1.5 1.5 2 0 0 0 0 0.947
Car -1 -1 -10 691 171 723 187 1.5 1.5 2 0 0 0 0 0.750
Car -1 -1 -10 366 179 410 199 1.5 1.5 2 0 0 0 0 0.729
Car -1 -1 -10 1015 244 1235 372 1.5 1.5 2 0 0 0 0 0.623
Car -1 -1 -10 383 183 413 197 1.5 1.5 2 0 0 0 0 0.598
Car -1 -1 -10 579 170 609 192 1.5 1.5 2 0 0 0 0 0.555
Car -1 -1 -10 555 178 575 192 1.5 1.5 2 0 0 0 0 0.525
