Car -1 -1 -10 349 180 415 220 1.5 1.5 2 0 0 0 0 0.992
Car -1 -1 -10 283 186 359 236 1.5 1.5 2 0 0 0 0 0.992
Car -1 -1 -10 452 177 504 215 1.5 1.5 2 0 0 0 0 0.984
Car -1 -1 -10 656 170 692 194 1.5 1.5 2 0 0 0 0 0.957
Car -1 -1 -10 172 188 294 256 1.5 1.5 2 0 0 0 0 0.954
Car -1 -1 -10 630 163 658 187 1.5 1.5 2 0 0 0 0 0.923
Car -1 -1 -10 -4 197 194 297 1.5 1.5 2 0 0 0 0 0.866
Car -1 -1 -10 1052 141 1248 171 1.5 1.5 2 0 0 0 0 0.709
Car -1 -1 -10 708 158 742 176 1.5 1.5 2 0 0 0 0 0.576
Car -1 -1 -10 683 166 705 184 1.5 1.5 2 0 0 0 0 0.561
