Car -1 -1 -10 779 185 1167 373 1.5 1.5 2 0 0 0 0 0.996
Car -1 -1 -10 674 180 752 234 1.5 1.5 2 0 0 0 0 0.994
Car -1 -1 -10 323 192 407 236 1.5 1.5 2 0 0 0 0 0.948
Car -1 -1 -10 588 180 618 202 1.5 1.5 2 0 0 0 0 0.838
Car -1 -1 -10 420 182 470 214 1.5 1.5 2 0 0 0 0 0.816
Car -1 -1 -10 648 182 681 204 1.5 1.5 2 0 0 0 0 0.635
Car -1 -1 -10 623 178 637 190 1.5 1.5 2 0 0 0 0 0.629
Car -1 -1 -10 639 182 659 198 1.5 1.5 2 0 0 0 0 0.618
Car -1 -1 -10 660 180 718 218 1.5 1.5 2 0 0 0 0 0.543
Car -1 -1 -10 989 305 1259 373 1.5 1.5 2 0 0 0 0 0.507
