Car -1 -1 -10 78 185 274 275 1.5 1.5 2 0 0 0 0 0.991
Car -1 -1 -10 231 182 303 250 1.5 1.5 2 0 0 0 0 0.930
Car -1 -1 -10 -59 191 110 303 1.5 1.5 2 0 0 0 0 0.928
Car -1 -1 -10 587 179 609 189 1.5 1.5 2 0 0 0 0 0.874
Car -1 -1 -10 420 179 476 211 1.5 1.5 2 0 0 0 0 0.800
Car -1 -1 -10 647 174 675 194 1.5 1.5 2 0 0 0 0 0.795
Car -1 -1 -10 344 181 416 229 1.5 1.5 2 0 0 0 0 0.783
Car -1 -1 -10 488 182 508 200 1.5 1.5 2 0 0 0 0 0.721
Car -1 -1 -10 679 174 701 190 1.5 1.5 2 0 0 0 0 0.676
Car -1 -1 -10 472 183 503 203 1.5 1.5 2 0 0 0 0 0.617
Car -1 -1 -10 841 166 877 180 1.5 1.5 2 0 0 0 0 0.536
Car -1 -1 -10 1018 156 1122 178 1.5 1.5 2 0 0 0 0 0.502
