Car -1 -1 -10 113 188 417 346 1.5 1.5 2 0 0 0 0 0.999
Car -1 -1 -10 -3 188 127 308 1.5 1.5 2 0 0 0 0 0.982
Car -1 -1 -10 512 182 542 206 1.5 1.5 2 0 0 0 0 0.981
Car -1 -1 -10 697 188 793 256 1.5 1.5 2 0 0 0 0 0.970
Car -1 -1 -10 466 180 518 220 1.5 1.5 2 0 0 0 0 0.951
Car -1 -1 -10 633 180 677 206 1.5 1.5 2 0 0 0 0 0.924
Car -1 -1 -10 579 176 619 202 1.5 1.5 2 0 0 0 0 0.910
Car -1 -1 -10 355 187 485 257 1.5 1.5 2 0 0 0 0 0.895
Car -1 -1 -10 540 179 556 191 1.5 1.5 2 0 0 0 0 0.698
Car -1 -1 -10 354 187 386 209 1.5 1.5 2 0 0 0 0 0.510
