Car -1 -1 -10 907 209 1223 373 1.5 1.5 2 0 0 0 0 0.997
Car -1 -1 -10 774 188 966 316 1.5 1.5 2 0 0 0 0 0.984
Car -1 -1 -10 490 177 558 221 1.5 1.5 2 0 0 0 0 0.979
Car -1 -1 -10 144 184 450 346 1.5 1.5 2 0 0 0 0 0.958
Car -1 -1 -10 938 158 1068 230 1.5 1.5 2 0 0 0 0 0.947
Car -1 -1 -10 787 154 945 206 1.5 1.5 2 0 0 0 0 0.805
Car -1 -1 -10 997 163 1133 227 1.5 1.5 2 0 0 0 0 0.801
Car -1 -1 -10 439 177 531 237 1.5 1.5 2 0 0 0 0 0.783
Car -1 -1 -10 1096 160 1240 248 1.5 1.5 2 0 0 0 0 0.671
Car -1 -1 -10 136 205 172 213 1.5 1.5 2 0 0 0 0 0.619
Car -1 -1 -10 175 201 201 213 1.5 1.5 2 0 0 0 0 0.596
Car -1 -1 -10 65 207 89 217 1.5 1.5 2 0 0 0 0 0.585
Car -1 -1 -10 908 166 974 216 1.5 1.5 2 0 0 0 0 0.536
