Car -1 -1 -10 6 208 204 304 1.5 1.5 2 0 0 0 0 0.991
Car -1 -1 -10 106 189 262 267 1.5 1.5 2 0 0 0 0 0.963
Car -1 -1 -10 320 187 410 237 1.5 1.5 2 0 0 0 0 0.948
Car -1 -1 -10 -1 233 23 327 1.5 1.5 2 0 0 0 0 0.895
Car -1 -1 -10 479 185 513 207 1.5 1.5 2 0 0 0 0 0.892
Car -1 -1 -10 519 184 541 200 1.5 1.5 2 0 0 0 0 0.885
Car -1 -1 -10 261 191 345 255 1.5 1.5 2 0 0 0 0 0.859
Car -1 -1 -10 652 182 676 196 1.5 1.5 2 0 0 0 0 0.840
Car -1 -1 -10 618 180 634 190 1.5 1.5 2 0 0 0 0 0.651
Car -1 -1 -10 1099 155 1241 179 1.5 1.5 2 0 0 0 0 0.560
