Car -1 -1 -10 797 186 1235 370 1.5 1.5 2 0 0 0 0 0.998
Car -1 -1 -10 721 184 869 278 1.5 1.5 2 0 0 0 0 0.996
Car -1 -1 -10 368 197 458 249 1.5 1.5 2 0 0 0 0 0.981
Car -1 -1 -10 493 190 529 212 1.5 1.5 2 0 0 0 0 0.925
Car -1 -1 -10 692 182 764 244 1.5 1.5 2 0 0 0 0 0.887
Car -1 -1 -10 631 182 667 198 1.5 1.5 2 0 0 0 0 0.657
Car -1 -1 -10 523 188 543 204 1.5 1.5 2 0 0 0 0 0.610
Car -1 -1 -10 660 173 692 191 1.5 1.5 2 0 0 0 0 0.520
Car -1 -1 -10 537 188 553 200 1.5 1.5 2 0 0 0 0 0.510
Car -1 -1 -10 1132 139 1206 165 1.5 1.5 2 0 0 0 0 0.502
