Car -1 -1 -10 749 195 1061 361 1.5 1.5 2 0 0 0 0 0.997
Car -1 -1 -10 476 180 550 234 1.5 1.5 2 0 0 0 0 0.989
Car -1 -1 -10 648 174 696 212 1.5 1.5 2 0 0 0 0 0.966
Car -1 -1 -10 301 185 491 313 1.5 1.5 2 0 0 0 0 0.955
Car -1 -1 -10 554 175 580 195 1.5 1.5 2 0 0 0 0 0.885
Car -1 -1 -10 716 164 866 286 1.5 1.5 2 0 0 0 0 0.881
Car -1 -1 -10 622 173 634 183 1.5 1.5 2 0 0 0 0 0.777
Car -1 -1 -10 631 173 655 191 1.5 1.5 2 0 0 0 0 0.763
Car -1 -1 -10 591 175 599 183 1.5 1.5 2 0 0 0 0 0.664
Car -1 -1 -10 609 174 617 180 1.5 1.5 2 0 0 0 0 0.613
Car -1 -1 -10 573 175 587 189 1.5 1.5 2 0 0 0 0 0.555
