Car -1 -1 -10 584 180 640 220 1.5 1.5 2 0 0 0 0 0.982
Car -1 -1 -10 166 180 368 294 1.5 1.5 2 0 0 0 0 0.959
Car -1 -1 -10 1 186 147 262 1.5 1.5 2 0 0 0 0 0.949
Car -1 -1 -10 277 131 479 263 1.5 1.5 2 0 0 0 0 0.849
Car -1 -1 -10 464 169 538 223 1.5 1.5 2 0 0 0 0 0.835
Car -1 -1 -10 126 178 250 250 1.5 1.5 2 0 0 0 0 0.826
Car -1 -1 -10 1096 185 1144 197 1.5 1.5 2 0 0 0 0 0.719
Car -1 -1 -10 1166 175 1210 193 1.5 1.5 2 0 0 0 0 0.693
Car -1 -1 -10 518 176 560 204 1.5 1.5 2 0 0 0 0 0.648
Car -1 -1 -10 1047 184 1093 198 1.5 1.5 2 0 0 0 0 0.634
Car -1 -1 -10 549 178 571 200 1.5 1.5 2 0 0 0 0 0.504
