Car -1 -1 -10 817 183 1155 375 1.5 1.5 2 0 0 0 0 0.999
Car -1 -1 -10 554 175 672 243 1.5 1.5 2 0 0 0 0 0.997
Car -1 -1 -10 15 184 403 372 1.5 1.5 2 0 0 0 0 0.993
Car -1 -1 -10 806 183 904 281 1.5 1.5 2 0 0 0 0 0.990
Car -1 -1 -10 805 166 837 190 1.5 1.5 2 0 0 0 0 0.880
Car -1 -1 -10 639 171 693 207 1.5 1.5 2 0 0 0 0 0.852
Car -1 -1 -10 691 161 741 195 1.5 1.5 2 0 0 0 0 0.848
Car -1 -1 -10 432 185 470 195 1.5 1.5 2 0 0 0 0 0.691
Car -1 -1 -10 924 161 986 193 1.5 1.5 2 0 0 0 0 0.680
Car -1 -1 -10 955 150 1055 196 1.5 1.5 2 0 0 0 0 0.590
Car -1 -1 -10 1043 142 1159 206 1.5 1.5 2 0 0 0 0 0.501
