Car -1 -1 -10 862 165 1126 281 1.5 1.5 2 0 0 0 0 0.997
Car -1 -1 -10 10 215 282 371 1.5 1.5 2 0 0 0 0 0.997
Car -1 -1 -10 440 187 516 255 1.5 1.5 2 0 0 0 0 0.995
Car -1 -1 -10 276 192 456 304 1.5 1.5 2 0 0 0 0 0.993
Car -1 -1 -10 822 169 892 231 1.5 1.5 2 0 0 0 0 0.974
Car -1 -1 -10 458 181 535 231 1.5 1.5 2 0 0 0 0 0.969
Car -1 -1 -10 671 179 741 231 1.5 1.5 2 0 0 0 0 0.965
Car -1 -1 -10 518 184 559 210 1.5 1.5 2 0 0 0 0 0.888
Car -1 -1 -10 748 173 798 207 1.5 1.5 2 0 0 0 0 0.856
Car -1 -1 -10 529 184 565 208 1.5 1.5 2 0 0 0 0 0.701
Car -1 -1 -10 795 162 817 174 1.5 1.5 2 0 0 0 0 0.601
Car -1 -1 -10 861 159 889 169 1.5 1.5 2 0 0 0 0 0.577
