Car -1 -1 -10 11 190 201 258 1.5 1.5 2 0 0 0 0 0.994
Car -1 -1 -10 373 180 519 248 1.5 1.5 2 0 0 0 0 0.955
Car -1 -1 -10 1201 155 1237 171 1.5 1.5 2 0 0 0 0 0.910
Car -1 -1 -10 566 160 680 240 1.5 1.5 2 0 0 0 0 0.888
Car -1 -1 -10 1170 156 1202 174 1.5 1.5 2 0 0 0 0 0.856
Car -1 -1 -10 502 183 534 201 1.5 1.5 2 0 0 0 0 0.827
Car -1 -1 -10 688 174 704 186 1.5 1.5 2 0 0 0 0 0.802
Car -1 -1 -10 1039 160 1079 176 1.5 1.5 2 0 0 0 0 0.703
Car -1 -1 -10 530 181 564 197 1.5 1.5 2 0 0 0 0 0.688
Car -1 -1 -10 715 167 753 197 1.5 1.5 2 0 0 0 0 0.686
Car -1 -1 -10 1136 158 1172 174 1.5 1.5 2 0 0 0 0 0.640
Car -1 -1 -10 673 177 685 187 1.5 1.5 2 0 0 0 0 0.569
Car -1 -1 -10 706 173 722 183 1.5 1.5 2 0 0 0 0 0.568
Car -1 -1 -10 1103 159 1139 175 1.5 1.5 2 0 0 0 0 0.548
