Car -1 -1 -10 721 190 863 292 1.5 1.5 2 0 0 0 0 0.999
Car -1 -1 -10 799 212 1231 376 1.5 1.5 2 0 0 0 0 0.998
Car -1 -1 -10 392 198 516 280 1.5 1.5 2 0 0 0 0 0.990
Car -1 -1 -10 501 185 555 231 1.5 1.5 2 0 0 0 0 0.976
Car -1 -1 -10 693 172 789 252 1.5 1.5 2 0 0 0 0 0.952
Car -1 -1 -10 640 180 688 212 1.5 1.5 2 0 0 0 0 0.923
Car -1 -1 -10 564 181 586 199 1.5 1.5 2 0 0 0 0 0.891
Car -1 -1 -10 559 185 577 201 1.5 1.5 2 0 0 0 0 0.842
Car -1 -1 -10 631 179 665 201 1.5 1.5 2 0 0 0 0 0.691
Car -1 -1 -10 624 180 636 188 1.5 1.5 2 0 0 0 0 0.560
