Car -1 -1 -10 530 177 756 323 1.5 1.5 2 0 0 0 0 0.998
Car -1 -1 -10 1066 220 1240 374 1.5 1.5 2 0 0 0 0 0.990
Car -1 -1 -10 733 179 849 255 1.5 1.5 2 0 0 0 0 0.988
Car -1 -1 -10 67 176 599 378 1.5 1.5 2 0 0 0 0 0.986
Car -1 -1 -10 1018 190 1098 244 1.5 1.5 2 0 0 0 0 0.974
Car -1 -1 -10 876 177 934 211 1.5 1.5 2 0 0 0 0 0.957
Car -1 -1 -10 1009 181 1041 201 1.5 1.5 2 0 0 0 0 0.952
Car -1 -1 -10 948 174 968 190 1.5 1.5 2 0 0 0 0 0.891
Car -1 -1 -10 914 179 942 207 1.5 1.5 2 0 0 0 0 0.684
Car -1 -1 -10 978 175 992 185 1.5 1.5 2 0 0 0 0 0.579
