Car -1 -1 -10 258 188 472 340 1.5 1.5 2 0 0 0 0 0.998
Car -1 -1 -10 -16 258 378 368 1.5 1.5 2 0 0 0 0 0.998
Car -1 -1 -10 813 224 1229 372 1.5 1.5 2 0 0 0 0 0.997
Car -1 -1 -10 723 181 895 307 1.5 1.5 2 0 0 0 0 0.995
Car -1 -1 -10 560 177 618 225 1.5 1.5 2 0 0 0 0 0.992
Car -1 -1 -10 -5 190 73 246 1.5 1.5 2 0 0 0 0 0.984
Car -1 -1 -10 398 186 496 272 1.5 1.5 2 0 0 0 0 0.975
Car -1 -1 -10 520 178 562 208 1.5 1.5 2 0 0 0 0 0.959
Car -1 -1 -10 147 182 237 228 1.5 1.5 2 0 0 0 0 0.945
Car -1 -1 -10 456 175 480 189 1.5 1.5 2 0 0 0 0 0.664
Car -1 -1 -10 725 175 761 215 1.5 1.5 2 0 0 0 0 0.640
