Car -1 -1 -10 791 185 1053 343 1.5 1.5 2 0 0 0 0 0.999
Car -1 -1 -10 1004 240 1228 362 1.5 1.5 2 0 0 0 0 0.995
Car -1 -1 -10 1036 158 1200 246 1.5 1.5 2 0 0 0 0 0.989
Car -1 -1 -10 1158 153 1314 257 1.5 1.5 2 0 0 0 0 0.976
Car -1 -1 -10 473 173 544 219 1.5 1.5 2 0 0 0 0 0.955
Car -1 -1 -10 953 158 1097 230 1.5 1.5 2 0 0 0 0 0.923
Car -1 -1 -10 423 178 512 236 1.5 1.5 2 0 0 0 0 0.805
Car -1 -1 -10 4 180 406 378 1.5 1.5 2 0 0 0 0 0.804
Car -1 -1 -10 923 161 991 193 1.5 1.5 2 0 0 0 0 0.788
Car -1 -1 -10 792 149 942 201 1.5 1.5 2 0 0 0 0 0.554
