Car -1 -1 -10 572 175 640 211 1.5 1.5 2 0 0 0 0 0.977
Car -1 -1 -10 345 188 481 248 1.5 1.5 2 0 0 0 0 0.975
Car -1 -1 -10 1073 156 1103 172 1.5 1.5 2 0 0 0 0 0.887
Car -1 -1 -10 730 170 754 184 1.5 1.5 2 0 0 0 0 0.862
Car -1 -1 -10 1098 154 1130 170 1.5 1.5 2 0 0 0 0 0.850
Car -1 -1 -10 686 174 708 190 1.5 1.5 2 0 0 0 0 0.849
Car -1 -1 -10 1125 151 1159 169 1.5 1.5 2 0 0 0 0 0.833
Car -1 -1 -10 455 181 509 211 1.5 1.5 2 0 0 0 0 0.737
Car -1 -1 -10 1155 152 1207 166 1.5 1.5 2 0 0 0 0 0.713
Car -1 -1 -10 549 174 581 192 1.5 1.5 2 0 0 0 0 0.682
Car -1 -1 -10 669 176 683 188 1.5 1.5 2 0 0 0 0 0.651
Car -1 -1 -10 797 160 825 170 1.5 1.5 2 0 0 0 0 0.648
Car -1 -1 -10 504 177 526 191 1.5 1.5 2 0 0 0 0 0.587
Car -1 -1 -10 530 180 556 198 1.5 1.5 2 0 0 0 0 0.551
Car -1 -1 -10 1021 158 1047 172 1.5 1.5 2 0 0 0 0 0.540
Car -1 -1 -10 1158 150 1240 170 1.5 1.5 2 0 0 0 0 0.532
