Car -1 -1 -10 0 186 296 378 1.5 1.5 2 0 0 0 0 0.998
Car -1 -1 -10 480 181 514 203 1.5 1.5 2 0 0 0 0 0.970
Car -1 -1 -10 646 167 740 197 1.5 1.5 2 0 0 0 0 0.953
Car -1 -1 -10 604 173 626 189 1.5 1.5 2 0 0 0 0 0.920
Car -1 -1 -10 540 178 554 188 1.5 1.5 2 0 0 0 0 0.907
Car -1 -1 -10 558 176 572 186 1.5 1.5 2 0 0 0 0 0.773
Car -1 -1 -10 812 158 842 174 1.5 1.5 2 0 0 0 0 0.745
Car -1 -1 -10 586 176 600 188 1.5 1.5 2 0 0 0 0 0.739
Car -1 -1 -10 571 176 589 190 1.5 1.5 2 0 0 0 0 0.701
Car -1 -1 -10 525 179 537 189 1.5 1.5 2 0 0 0 0 0.687
Car -1 -1 -10 851 154 929 176 1.5 1.5 2 0 0 0 0 0.676
Car -1 -1 -10 790 156 818 174 1.5 1.5 2 0 0 0 0 0.624
