Car -1 -1 -10 828 204 1242 378 1.5 1.5 2 0 0 0 0 0.999
Car -1 -1 -10 9 167 215 357 1.5 1.5 2 0 0 0 0 0.994
Car -1 -1 -10 739 180 905 294 1.5 1.5 2 0 0 0 0 0.993
Car -1 -1 -10 243 173 389 251 1.5 1.5 2 0 0 0 0 0.987
Car -1 -1 -10 671 180 737 222 1.5 1.5 2 0 0 0 0 0.976
Car -1 -1 -10 369 177 463 223 1.5 1.5 2 0 0 0 0 0.938
Car -1 -1 -10 29 152 273 278 1.5 1.5 2 0 0 0 0 0.922
Car -1 -1 -10 228 190 332 278 1.5 1.5 2 0 0 0 0 0.881
Car -1 -1 -10 642 173 684 205 1.5 1.5 2 0 0 0 0 0.861
Car -1 -1 -10 410 167 518 213 1.5 1.5 2 0 0 0 0 0.837
