Car -1 -1 -10 702 173 830 259 1.5 1.5 2 0 0 0 0 0.991
Car -1 -1 -10 503 173 553 215 1.5 1.5 2 0 0 0 0 0.988
Car -1 -1 -10 390 184 502 262 1.5 1.5 2 0 0 0 0 0.984
Car -1 -1 -10 212 194 454 352 1.5 1.5 2 0 0 0 0 0.983
Car -1 -1 -10 633 166 657 188 1.5 1.5 2 0 0 0 0 0.960
Car -1 -1 -10 548 173 570 193 1.5 1.5 2 0 0 0 0 0.932
Car -1 -1 -10 673 170 757 226 1.5 1.5 2 0 0 0 0 0.859
Car -1 -1 -10 576 171 586 181 1.5 1.5 2 0 0 0 0 0.851
Car -1 -1 -10 653 160 703 206 1.5 1.5 2 0 0 0 0 0.818
Car -1 -1 -10 680 174 744 236 1.5 1.5 2 0 0 0 0 0.683
Car -1 -1 -10 620 165 634 181 1.5 1.5 2 0 0 0 0 0.603
