Car -1 -1 -10 875 185 1053 293 1.5 1.5 2 0 0 0 0 0.998
Car -1 -1 -10 -1 188 187 350 1.5 1.5 2 0 0 0 0 0.997
Car -1 -1 -10 998 194 1186 342 1.5 1.5 2 0 0 0 0 0.997
Car -1 -1 -10 1130 194 1242 368 1.5 1.5 2 0 0 0 0 0.993
Car -1 -1 -10 55 171 269 299 1.5 1.5 2 0 0 0 0 0.984
Car -1 -1 -10 384 178 490 212 1.5 1.5 2 0 0 0 0 0.959
Car -1 -1 -10 741 174 847 236 1.5 1.5 2 0 0 0 0 0.941
Car -1 -1 -10 788 177 938 253 1.5 1.5 2 0 0 0 0 0.929
Car -1 -1 -10 206 162 396 254 1.5 1.5 2 0 0 0 0 0.900
Car -1 -1 -10 632 179 678 211 1.5 1.5 2 0 0 0 0 0.855
