Car -1 -1 -10 1016 179 1228 359 1.5 1.5 2 0 0 0 0 0.997
Car -1 -1 -10 23 187 293 321 1.5 1.5 2 0 0 0 0 0.990
Car -1 -1 -10 350 184 420 220 1.5 1.5 2 0 0 0 0 0.988
Car -1 -1 -10 412 185 484 227 1.5 1.5 2 0 0 0 0 0.986
Car -1 -1 -10 687 182 757 230 1.5 1.5 2 0 0 0 0 0.983
Car -1 -1 -10 243 183 323 235 1.5 1.5 2 0 0 0 0 0.974
Car -1 -1 -10 588 181 656 239 1.5 1.5 2 0 0 0 0 0.974
Car -1 -1 -10 519 180 563 204 1.5 1.5 2 0 0 0 0 0.958
Car -1 -1 -10 742 178 864 252 1.5 1.5 2 0 0 0 0 0.953
Car -1 -1 -10 -1 186 73 228 1.5 1.5 2 0 0 0 0 0.503
