Car -1 -1 -10 342 179 418 221 1.5 1.5 2 0 0 0 0 0.939
Car -1 -1 -10 548 179 572 191 1.5 1.5 2 0 0 0 0 0.927
Car -1 -1 -10 651 174 675 192 1.5 1.5 2 0 0 0 0 0.878
Car -1 -1 -10 436 182 460 206 1.5 1.5 2 0 0 0 0 0.864
Car -1 -1 -10 -4 176 242 276 1.5 1.5 2 0 0 0 0 0.862
Car -1 -1 -10 393 175 441 211 1.5 1.5 2 0 0 0 0 0.832
Car -1 -1 -10 820 159 866 173 1.5 1.5 2 0 0 0 0 0.792
Car -1 -1 -10 321 178 379 208 1.5 1.5 2 0 0 0 0 0.742
Car -1 -1 -10 459 179 481 201 1.5 1.5 2 0 0 0 0 0.712
Car -1 -1 -10 101 182 257 264 1.5 1.5 2 0 0 0 0 0.676
Car -1 -1 -10 1123 128 1219 164 1.5 1.5 2 0 0 0 0 0.558
Car -1 -1 -10 674 170 692 184 1.5 1.5 2 0 0 0 0 0.518
Car -1 -1 -10 875 157 943 175 1.5 1.5 2 0 0 0 0 0.504
