Car -1 -1 -10 702 191 904 337 1.5 1.5 2 0 0 0 0 0.980
Car -1 -1 -10 839 219 1229 363 1.5 1.5 2 0 0 0 0 0.973
Car -1 -1 -10 46 209 448 373 1.5 1.5 2 0 0 0 0 0.964
Car -1 -1 -10 378 184 494 294 1.5 1.5 2 0 0 0 0 0.907
Car -1 -1 -10 681 174 775 254 1.5 1.5 2 0 0 0 0 0.886
Car -1 -1 -10 425 186 520 248 1.5 1.5 2 0 0 0 0 0.869
Car -1 -1 -10 516 183 556 217 1.5 1.5 2 0 0 0 0 0.838
Car -1 -1 -10 649 184 699 230 1.5 1.5 2 0 0 0 0 0.752
Car -1 -1 -10 597 182 629 196 1.5 1.5 2 0 0 0 0 0.611
Car -1 -1 -10 562 179 592 199 1.5 1.5 2 0 0 0 0 0.578
Car -1 -1 -10 524 171 578 207 1.5 1.5 2 0 0 0 0 0.573
