Car -1 -1 -10 758 183 852 259 1.5 1.5 2 0 0 0 0 0.992
Car -1 -1 -10 496 185 556 217 1.5 1.5 2 0 0 0 0 0.987
Car -1 -1 -10 723 178 793 234 1.5 1.5 2 0 0 0 0 0.981
Car -1 -1 -10 577 181 605 197 1.5 1.5 2 0 0 0 0 0.941
Car -1 -1 -10 1 225 175 373 1.5 1.5 2 0 0 0 0 0.935
Car -1 -1 -10 693 182 727 214 1.5 1.5 2 0 0 0 0 0.784
Car -1 -1 -10 551 185 571 205 1.5 1.5 2 0 0 0 0 0.752
Car -1 -1 -10 650 177 670 187 1.5 1.5 2 0 0 0 0 0.635
Car -1 -1 -10 687 182 727 208 1.5 1.5 2 0 0 0 0 0.617
Car -1 -1 -10 671 180 683 188 1.5 1.5 2 0 0 0 0 0.610
Car -1 -1 -10 642 178 658 186 1.5 1.5 2 0 0 0 0 0.584
Car -1 -1 -10 710 181 767 219 1.5 1.5 2 0 0 0 0 0.549
Car -1 -1 -10 538 185 564 207 1.5 1.5 2 0 0 0 0 0.545
