Car -1 -1 -10 27 191 373 351 1.5 1.5 2 0 0 0 0 0.999
Car -1 -1 -10 833 196 1107 348 1.5 1.5 2 0 0 0 0 0.999
Car -1 -1 -10 -7 187 153 293 1.5 1.5 2 0 0 0 0 0.995
Car -1 -1 -10 584 182 648 228 1.5 1.5 2 0 0 0 0 0.994
Car -1 -1 -10 1051 233 1239 383 1.5 1.5 2 0 0 0 0 0.975
Car -1 -1 -10 336 177 472 243 1.5 1.5 2 0 0 0 0 0.973
Car -1 -1 -10 754 167 908 277 1.5 1.5 2 0 0 0 0 0.932
Car -1 -1 -10 433 176 501 236 1.5 1.5 2 0 0 0 0 0.860
Car -1 -1 -10 467 179 529 213 1.5 1.5 2 0 0 0 0 0.829
Car -1 -1 -10 513 164 573 202 1.5 1.5 2 0 0 0 0 0.600
