Car -1 -1 -10 354 194 506 294 1.5 1.5 2 0 0 0 0 0.998
Car -1 -1 -10 855 233 1217 367 1.5 1.5 2 0 0 0 0 0.997
Car -1 -1 -10 736 191 942 333 1.5 1.5 2 0 0 0 0 0.996
Car -1 -1 -10 487 179 553 233 1.5 1.5 2 0 0 0 0 0.985
Car -1 -1 -10 643 175 691 209 1.5 1.5 2 0 0 0 0 0.966
Car -1 -1 -10 701 160 823 266 1.5 1.5 2 0 0 0 0 0.901
Car -1 -1 -10 555 179 579 197 1.5 1.5 2 0 0 0 0 0.748
Car -1 -1 -10 629 173 655 193 1.5 1.5 2 0 0 0 0 0.743
Car -1 -1 -10 568 177 588 191 1.5 1.5 2 0 0 0 0 0.703
Car -1 -1 -10 622 174 634 184 1.5 1.5 2 0 0 0 0 0.631
Car -1 -1 -10 591 177 601 185 1.5 1.5 2 0 0 0 0 0.535
