Car -1 -1 -10 759 189 1227 375 1.5 1.5 2 0 0 0 0 0.999
Car -1 -1 -10 718 190 860 288 1.5 1.5 2 0 0 0 0 0.999
Car -1 -1 -10 -9 206 417 376 1.5 1.5 2 0 0 0 0 0.999
Car -1 -1 -10 455 182 531 242 1.5 1.5 2 0 0 0 0 0.997
Car -1 -1 -10 685 178 765 244 1.5 1.5 2 0 0 0 0 0.987
Car -1 -1 -10 521 179 561 213 1.5 1.5 2 0 0 0 0 0.950
Car -1 -1 -10 620 171 636 185 1.5 1.5 2 0 0 0 0 0.868
Car -1 -1 -10 673 167 749 221 1.5 1.5 2 0 0 0 0 0.832
Car -1 -1 -10 634 174 662 194 1.5 1.5 2 0 0 0 0 0.780
Car -1 -1 -10 560 177 576 189 1.5 1.5 2 0 0 0 0 0.744
Car -1 -1 -10 573 176 585 186 1.5 1.5 2 0 0 0 0 0.713
Car -1 -1 -10 592 173 600 179 1.5 1.5 2 0 0 0 0 0.507
