Car -1 -1 -10 336 192 462 282 1.5 1.5 2 0 0 0 0 0.996
Car -1 -1 -10 445 185 511 247 1.5 1.5 2 0 0 0 0 0.994
Car -1 -1 -10 -9 199 373 379 1.5 1.5 2 0 0 0 0 0.994
Car -1 -1 -10 765 172 879 236 1.5 1.5 2 0 0 0 0 0.986
Car -1 -1 -10 506 187 546 227 1.5 1.5 2 0 0 0 0 0.982
Car -1 -1 -10 656 183 706 215 1.5 1.5 2 0 0 0 0 0.929
Car -1 -1 -10 697 181 729 209 1.5 1.5 2 0 0 0 0 0.846
Car -1 -1 -10 727 176 755 204 1.5 1.5 2 0 0 0 0 0.785
Car -1 -1 -10 532 180 562 216 1.5 1.5 2 0 0 0 0 0.769
Car -1 -1 -10 702 173 750 205 1.5 1.5 2 0 0 0 0 0.525
