Car -1 -1 -10 -7 190 347 370 1.5 1.5 2 0 0 0 0 0.998
Car -1 -1 -10 437 184 497 238 1.5 1.5 2 0 0 0 0 0.996
Car -1 -1 -10 314 187 458 277 1.5 1.5 2 0 0 0 0 0.992
Car -1 -1 -10 988 131 1222 213 1.5 1.5 2 0 0 0 0 0.989
Car -1 -1 -10 710 171 784 215 1.5 1.5 2 0 0 0 0 0.957
Car -1 -1 -10 481 176 523 222 1.5 1.5 2 0 0 0 0 0.946
Car -1 -1 -10 577 170 621 182 1.5 1.5 2 0 0 0 0 0.874
Car -1 -1 -10 509 177 557 209 1.5 1.5 2 0 0 0 0 0.873
Car -1 -1 -10 520 180 552 212 1.5 1.5 2 0 0 0 0 0.837
Car -1 -1 -10 636 178 676 206 1.5 1.5 2 0 0 0 0 0.820
Car -1 -1 -10 667 170 695 190 1.5 1.5 2 0 0 0 0 0.554
Car -1 -1 -10 537 181 566 199 1.5 1.5 2 0 0 0 0 0.521
Car -1 -1 -10 695 173 719 191 1.5 1.5 2 0 0 0 0 0.501
