Car -1 -1 -10 218 192 508 330 1.5 1.5 2 0 0 0 0 0.998
Car -1 -1 -10 32 191 240 255 1.5 1.5 2 0 0 0 0 0.938
Car -1 -1 -10 1202 155 1236 171 1.5 1.5 2 0 0 0 0 0.911
Car -1 -1 -10 633 168 681 200 1.5 1.5 2 0 0 0 0 0.862
Car -1 -1 -10 1170 156 1202 174 1.5 1.5 2 0 0 0 0 0.853
Car -1 -1 -10 490 179 528 205 1.5 1.5 2 0 0 0 0 0.837
Car -1 -1 -10 402 183 464 203 1.5 1.5 2 0 0 0 0 0.789
Car -1 -1 -10 1039 159 1079 177 1.5 1.5 2 0 0 0 0 0.757
Car -1 -1 -10 674 172 690 188 1.5 1.5 2 0 0 0 0 0.696
Car -1 -1 -10 682 172 698 184 1.5 1.5 2 0 0 0 0 0.688
Car -1 -1 -10 1136 157 1172 173 1.5 1.5 2 0 0 0 0 0.662
Car -1 -1 -10 1104 158 1140 176 1.5 1.5 2 0 0 0 0 0.605
Car -1 -1 -10 351 184 389 196 1.5 1.5 2 0 0 0 0 0.529
