Car -1 -1 -10 282 182 378 234 1.5 1.5 2 0 0 0 0 0.992
Car -1 -1 -10 0 189 118 309 1.5 1.5 2 0 0 0 0 0.966
Car -1 -1 -10 356 179 412 221 1.5 1.5 2 0 0 0 0 0.928
Car -1 -1 -10 528 180 558 198 1.5 1.5 2 0 0 0 0 0.927
Car -1 -1 -10 435 180 471 206 1.5 1.5 2 0 0 0 0 0.845
Car -1 -1 -10 679 172 703 188 1.5 1.5 2 0 0 0 0 0.823
Car -1 -1 -10 637 168 657 186 1.5 1.5 2 0 0 0 0 0.805
Car -1 -1 -10 654 175 680 193 1.5 1.5 2 0 0 0 0 0.802
Car -1 -1 -10 930 158 1012 174 1.5 1.5 2 0 0 0 0 0.766
Car -1 -1 -10 994 144 1074 172 1.5 1.5 2 0 0 0 0 0.746
Car -1 -1 -10 406 185 434 211 1.5 1.5 2 0 0 0 0 0.712
Car -1 -1 -10 1040 153 1132 177 1.5 1.5 2 0 0 0 0 0.618
Car -1 -1 -10 1106 148 1264 174 1.5 1.5 2 0 0 0 0 0.554
Car -1 -1 -10 498 181 532 195 1.5 1.5 2 0 0 0 0 0.553
