Car -1 -1 -10 638 171 704 223 1.5 1.5 2 0 0 0 0 0.990
Car -1 -1 -10 457 177 577 235 1.5 1.5 2 0 0 0 0 0.974
Car -1 -1 -10 725 172 753 192 1.5 1.5 2 0 0 0 0 0.960
Car -1 -1 -10 1202 155 1236 171 1.5 1.5 2 0 0 0 0 0.926
Car -1 -1 -10 1170 156 1202 174 1.5 1.5 2 0 0 0 0 0.860
Car -1 -1 -10 688 171 708 189 1.5 1.5 2 0 0 0 0 0.831
Car -1 -1 -10 444 182 482 206 1.5 1.5 2 0 0 0 0 0.777
Car -1 -1 -10 1039 159 1077 177 1.5 1.5 2 0 0 0 0 0.746
Car -1 -1 -10 1136 158 1172 174 1.5 1.5 2 0 0 0 0 0.698
Car -1 -1 -10 1103 158 1141 176 1.5 1.5 2 0 0 0 0 0.617
