Car -1 -1 -10 4 183 202 357 1.5 1.5 2 0 0 0 0 0.998
Car -1 -1 -10 755 205 1017 355 1.5 1.5 2 0 0 0 0 0.994
Car -1 -1 -10 713 195 827 277 1.5 1.5 2 0 0 0 0 0.984
Car -1 -1 -10 891 172 1229 380 1.5 1.5 2 0 0 0 0 0.982
Car -1 -1 -10 665 192 719 230 1.5 1.5 2 0 0 0 0 0.970
Car -1 -1 -10 185 175 369 273 1.5 1.5 2 0 0 0 0 0.912
Car -1 -1 -10 327 183 435 245 1.5 1.5 2 0 0 0 0 0.876
Car -1 -1 -10 437 180 525 220 1.5 1.5 2 0 0 0 0 0.749
Car -1 -1 -10 409 190 487 230 1.5 1.5 2 0 0 0 0 0.739
Car -1 -1 -10 641 184 677 216 1.5 1.5 2 0 0 0 0 0.703
