Car -1 -1 -10 3 210 347 372 1.5 1.5 2 0 0 0 0 0.998
Car -1 -1 -10 320 198 454 294 1.5 1.5 2 0 0 0 0 0.997
Car -1 -1 -10 783 188 1029 334 1.5 1.5 2 0 0 0 0 0.997
Car -1 -1 -10 921 227 1235 375 1.5 1.5 2 0 0 0 0 0.960
Car -1 -1 -10 715 176 819 270 1.5 1.5 2 0 0 0 0 0.925
Car -1 -1 -10 655 176 719 218 1.5 1.5 2 0 0 0 0 0.896
Car -1 -1 -10 460 169 532 231 1.5 1.5 2 0 0 0 0 0.892
Car -1 -1 -10 527 174 561 196 1.5 1.5 2 0 0 0 0 0.848
Car -1 -1 -10 677 180 762 236 1.5 1.5 2 0 0 0 0 0.665
Car -1 -1 -10 634 174 668 196 1.5 1.5 2 0 0 0 0 0.611
Car -1 -1 -10 624 175 651 193 1.5 1.5 2 0 0 0 0 0.580
