Car -1 -1 -10 809 169 973 279 1.5 1.5 2 0 0 0 0 0.995
Car -1 -1 -10 908 169 1198 345 1.5 1.5 2 0 0 0 0 0.995
Car -1 -1 -10 740 179 858 249 1.5 1.5 2 0 0 0 0 0.988
Car -1 -1 -10 0 179 160 285 1.5 1.5 2 0 0 0 0 0.983
Car -1 -1 -10 589 177 637 211 1.5 1.5 2 0 0 0 0 0.924
Car -1 -1 -10 704 172 784 228 1.5 1.5 2 0 0 0 0 0.794
Car -1 -1 -10 678 178 714 212 1.5 1.5 2 0 0 0 0 0.759
Car -1 -1 -10 647 172 679 194 1.5 1.5 2 0 0 0 0 0.721
Car -1 -1 -10 454 179 480 191 1.5 1.5 2 0 0 0 0 0.668
Car -1 -1 -10 513 182 541 196 1.5 1.5 2 0 0 0 0 0.652
