Car -1 -1 -10 576 183 640 231 1.5 1.5 2 0 0 0 0 0.998
Car -1 -1 -10 2 207 254 375 1.5 1.5 2 0 0 0 0 0.997
Car -1 -1 -10 196 180 360 270 1.5 1.5 2 0 0 0 0 0.996
Car -1 -1 -10 369 196 517 294 1.5 1.5 2 0 0 0 0 0.994
Car -1 -1 -10 687 181 767 247 1.5 1.5 2 0 0 0 0 0.980
Car -1 -1 -10 716 195 816 285 1.5 1.5 2 0 0 0 0 0.979
Car -1 -1 -10 543 180 575 204 1.5 1.5 2 0 0 0 0 0.973
Car -1 -1 -10 461 182 537 246 1.5 1.5 2 0 0 0 0 0.910
Car -1 -1 -10 160 179 222 223 1.5 1.5 2 0 0 0 0 0.809
Car -1 -1 -10 758 154 1138 374 1.5 1.5 2 0 0 0 0 0.794
Car -1 -1 -10 463 181 546 235 1.5 1.5 2 0 0 0 0 0.759
Car -1 -1 -10 637 181 677 211 1.5 1.5 2 0 0 0 0 0.624
