Car -1 -1 -10 839 188 971 276 1.5 1.5 2 0 0 0 0 0.997
Car -1 -1 -10 1018 186 1230 358 1.5 1.5 2 0 0 0 0 0.996
Car -1 -1 -10 916 190 1060 306 1.5 1.5 2 0 0 0 0 0.994
Car -1 -1 -10 24 196 284 318 1.5 1.5 2 0 0 0 0 0.966
Car -1 -1 -10 733 179 823 235 1.5 1.5 2 0 0 0 0 0.966
Car -1 -1 -10 -126 199 111 357 1.5 1.5 2 0 0 0 0 0.961
Car -1 -1 -10 801 177 913 255 1.5 1.5 2 0 0 0 0 0.938
Car -1 -1 -10 138 192 296 268 1.5 1.5 2 0 0 0 0 0.934
Car -1 -1 -10 404 181 500 231 1.5 1.5 2 0 0 0 0 0.894
Car -1 -1 -10 259 169 421 251 1.5 1.5 2 0 0 0 0 0.866
Car -1 -1 -10 632 181 678 213 1.5 1.5 2 0 0 0 0 0.849
Car -1 -1 -10 224 187 342 265 1.5 1.5 2 0 0 0 0 0.501
