Car -1 -1 -10 414 187 552 261 1.5 1.5 2 0 0 0 0 0.988
Car -1 -1 -10 317 188 377 222 1.5 1.5 2 0 0 0 0 0.981
Car -1 -1 -10 549 165 877 329 1.5 1.5 2 0 0 0 0 0.979
Car -1 -1 -10 943 169 1093 233 1.5 1.5 2 0 0 0 0 0.978
Car -1 -1 -10 859 170 931 224 1.5 1.5 2 0 0 0 0 0.966
Car -1 -1 -10 110 189 168 219 1.5 1.5 2 0 0 0 0 0.951
Car -1 -1 -10 1033 153 1233 207 1.5 1.5 2 0 0 0 0 0.922
Car -1 -1 -10 505 173 583 211 1.5 1.5 2 0 0 0 0 0.914
Car -1 -1 -10 0 203 72 293 1.5 1.5 2 0 0 0 0 0.828
Car -1 -1 -10 -3 231 35 359 1.5 1.5 2 0 0 0 0 0.589
