Car -1 -1 -10 773 187 1255 375 1.5 1.5 2 0 0 0 0 0.999
Car -1 -1 -10 677 180 755 232 1.5 1.5 2 0 0 0 0 0.996
Car -1 -1 -10 738 181 904 295 1.5 1.5 2 0 0 0 0 0.989
Car -1 -1 -10 217 193 327 235 1.5 1.5 2 0 0 0 0 0.985
Car -1 -1 -10 60 196 194 232 1.5 1.5 2 0 0 0 0 0.917
Car -1 -1 -10 663 178 687 202 1.5 1.5 2 0 0 0 0 0.833
Car -1 -1 -10 653 180 677 202 1.5 1.5 2 0 0 0 0 0.795
Car -1 -1 -10 503 181 531 199 1.5 1.5 2 0 0 0 0 0.728
Car -1 -1 -10 465 188 507 210 1.5 1.5 2 0 0 0 0 0.591
Car -1 -1 -10 608 177 624 191 1.5 1.5 2 0 0 0 0 0.558
Car -1 -1 -10 637 178 649 188 1.5 1.5 2 0 0 0 0 0.526
