Car -1 -1 -10 541 178 625 218 1.5 1.5 2 0 0 0 0 0.995
Car -1 -1 -10 1199 155 1237 171 1.5 1.5 2 0 0 0 0 0.921
Car -1 -1 -10 715 173 731 187 1.5 1.5 2 0 0 0 0 0.915
Car -1 -1 -10 685 173 711 191 1.5 1.5 2 0 0 0 0 0.899
Car -1 -1 -10 1170 156 1202 174 1.5 1.5 2 0 0 0 0 0.806
Car -1 -1 -10 1040 159 1078 177 1.5 1.5 2 0 0 0 0 0.722
Car -1 -1 -10 1137 158 1173 174 1.5 1.5 2 0 0 0 0 0.680
Car -1 -1 -10 1103 158 1141 176 1.5 1.5 2 0 0 0 0 0.656
Car -1 -1 -10 666 174 680 186 1.5 1.5 2 0 0 0 0 0.589
Car -1 -1 -10 632 169 660 183 1.5 1.5 2 0 0 0 0 0.581
Car -1 -1 -10 154 159 358 241 1.5 1.5 2 0 0 0 0 0.547
Car -1 -1 -10 735 169 759 187 1.5 1.5 2 0 0 0 0 0.530
