Car -1 -1 -10 85 186 273 272 1.5 1.5 2 0 0 0 0 0.993
Car -1 -1 -10 5 221 195 373 1.5 1.5 2 0 0 0 0 0.992
Car -1 -1 -10 249 190 329 242 1.5 1.5 2 0 0 0 0 0.956
Car -1 -1 -10 6 183 146 265 1.5 1.5 2 0 0 0 0 0.928
Car -1 -1 -10 453 187 512 225 1.5 1.5 2 0 0 0 0 0.917
Car -1 -1 -10 574 181 606 207 1.5 1.5 2 0 0 0 0 0.904
Car -1 -1 -10 486 184 527 210 1.5 1.5 2 0 0 0 0 0.888
Car -1 -1 -10 505 183 537 203 1.5 1.5 2 0 0 0 0 0.851
Car -1 -1 -10 269 192 337 236 1.5 1.5 2 0 0 0 0 0.578
Car -1 -1 -10 538 175 556 195 1.5 1.5 2 0 0 0 0 0.509
