Car -1 -1 -10 726 160 826 206 1.5 1.5 2 0 0 0 0 0.993
Car -1 -1 -10 963 147 1075 173 1.5 1.5 2 0 0 0 0 0.981
Car -1 -1 -10 1204 140 1240 180 1.5 1.5 2 0 0 0 0 0.957
Car -1 -1 -10 662 167 690 185 1.5 1.5 2 0 0 0 0 0.951
Car -1 -1 -10 585 171 605 187 1.5 1.5 2 0 0 0 0 0.939
Car -1 -1 -10 508 174 550 206 1.5 1.5 2 0 0 0 0 0.938
Car -1 -1 -10 556 174 572 190 1.5 1.5 2 0 0 0 0 0.902
Car -1 -1 -10 637 170 655 184 1.5 1.5 2 0 0 0 0 0.822
Car -1 -1 -10 621 171 643 187 1.5 1.5 2 0 0 0 0 0.773
Car -1 -1 -10 942 147 1002 173 1.5 1.5 2 0 0 0 0 0.741
Car -1 -1 -10 542 174 560 194 1.5 1.5 2 0 0 0 0 0.693
Car -1 -1 -10 1171 139 1229 175 1.5 1.5 2 0 0 0 0 0.587
