Car -1 -1 -10 475 179 563 237 1.5 1.5 2 0 0 0 0 0.997
Car -1 -1 -10 585 174 651 222 1.5 1.5 2 0 0 0 0 0.994
Car -1 -1 -10 296 182 410 266 1.5 1.5 2 0 0 0 0 0.992
Car -1 -1 -10 673 173 723 223 1.5 1.5 2 0 0 0 0 0.953
Car -1 -1 -10 765 165 815 305 1.5 1.5 2 0 0 0 0 0.916
Car -1 -1 -10 361 178 459 242 1.5 1.5 2 0 0 0 0 0.915
Car -1 -1 -10 98 177 338 305 1.5 1.5 2 0 0 0 0 0.886
Car -1 -1 -10 726 155 796 267 1.5 1.5 2 0 0 0 0 0.814
Car -1 -1 -10 693 179 729 239 1.5 1.5 2 0 0 0 0 0.659
Car -1 -1 -10 451 175 507 205 1.5 1.5 2 0 0 0 0 0.514
