Car -1 -1 -10 319 198 489 302 1.5 1.5 2 0 0 0 0 0.974
Car -1 -1 -10 -5 214 325 372 1.5 1.5 2 0 0 0 0 0.970
Car -1 -1 -10 997 169 1211 295 1.5 1.5 2 0 0 0 0 0.968
Car -1 -1 -10 1150 173 1238 363 1.5 1.5 2 0 0 0 0 0.959
Car -1 -1 -10 931 163 1007 195 1.5 1.5 2 0 0 0 0 0.946
Car -1 -1 -10 459 180 529 252 1.5 1.5 2 0 0 0 0 0.940
Car -1 -1 -10 502 179 556 221 1.5 1.5 2 0 0 0 0 0.919
Car -1 -1 -10 717 177 817 247 1.5 1.5 2 0 0 0 0 0.851
Car -1 -1 -10 808 178 864 220 1.5 1.5 2 0 0 0 0 0.838
Car -1 -1 -10 976 172 1024 206 1.5 1.5 2 0 0 0 0 0.817
Car -1 -1 -10 546 187 568 215 1.5 1.5 2 0 0 0 0 0.599
