Car -1 -1 -10 744 182 810 240 1.5 1.5 2 0 0 0 0 0.997
Car -1 -1 -10 506 178 564 212 1.5 1.5 2 0 0 0 0 0.976
Car -1 -1 -10 582 177 608 191 1.5 1.5 2 0 0 0 0 0.904
Car -1 -1 -10 716 177 770 221 1.5 1.5 2 0 0 0 0 0.797
Car -1 -1 -10 637 171 657 181 1.5 1.5 2 0 0 0 0 0.774
Car -1 -1 -10 699 175 747 207 1.5 1.5 2 0 0 0 0 0.774
Car -1 -1 -10 712 179 770 217 1.5 1.5 2 0 0 0 0 0.636
Car -1 -1 -10 550 179 574 201 1.5 1.5 2 0 0 0 0 0.634
Car -1 -1 -10 -5 203 277 377 1.5 1.5 2 0 0 0 0 0.607
Car -1 -1 -10 686 177 725 203 1.5 1.5 2 0 0 0 0 0.575
