Car -1 -1 -10 347 196 463 276 1.5 1.5 2 0 0 0 0 0.984
Car -1 -1 -10 791 163 935 219 1.5 1.5 2 0 0 0 0 0.977
Car -1 -1 -10 -8 204 386 378 1.5 1.5 2 0 0 0 0 0.964
Car -1 -1 -10 485 184 515 208 1.5 1.5 2 0 0 0 0 0.945
Car -1 -1 -10 523 183 541 199 1.5 1.5 2 0 0 0 0 0.867
Car -1 -1 -10 740 168 816 200 1.5 1.5 2 0 0 0 0 0.832
Car -1 -1 -10 3 227 91 313 1.5 1.5 2 0 0 0 0 0.806
Car -1 -1 -10 649 182 705 218 1.5 1.5 2 0 0 0 0 0.729
Car -1 -1 -10 506 183 537 203 1.5 1.5 2 0 0 0 0 0.563
Car -1 -1 -10 534 183 554 195 1.5 1.5 2 0 0 0 0 0.554
