Car -1 -1 -10 243 192 385 264 1.5 1.5 2 0 0 0 0 0.990
Car -1 -1 -10 763 175 929 261 1.5 1.5 2 0 0 0 0 0.985
Car -1 -1 -10 596 183 668 247 1.5 1.5 2 0 0 0 0 0.971
Car -1 -1 -10 88 183 220 239 1.5 1.5 2 0 0 0 0 0.965
Car -1 -1 -10 419 186 473 214 1.5 1.5 2 0 0 0 0 0.958
Car -1 -1 -10 534 183 566 203 1.5 1.5 2 0 0 0 0 0.941
Car -1 -1 -10 473 186 525 216 1.5 1.5 2 0 0 0 0 0.936
Car -1 -1 -10 702 185 782 225 1.5 1.5 2 0 0 0 0 0.931
Car -1 -1 -10 589 185 607 201 1.5 1.5 2 0 0 0 0 0.832
Car -1 -1 -10 669 184 721 216 1.5 1.5 2 0 0 0 0 0.611
Car -1 -1 -10 337 178 408 224 1.5 1.5 2 0 0 0 0 0.546
