Car -1 -1 -10 849 235 1229 365 1.5 1.5 2 0 0 0 0 0.995
Car -1 -1 -10 17 176 271 300 1.5 1.5 2 0 0 0 0 0.987
Car -1 -1 -10 329 178 465 218 1.5 1.5 2 0 0 0 0 0.984
Car -1 -1 -10 448 179 528 241 1.5 1.5 2 0 0 0 0 0.981
Car -1 -1 -10 641 174 719 226 1.5 1.5 2 0 0 0 0 0.950
Car -1 -1 -10 -106 184 155 358 1.5 1.5 2 0 0 0 0 0.939
Car -1 -1 -10 603 169 629 189 1.5 1.5 2 0 0 0 0 0.672
Car -1 -1 -10 538 172 554 184 1.5 1.5 2 0 0 0 0 0.636
Car -1 -1 -10 610 175 638 193 1.5 1.5 2 0 0 0 0 0.624
Car -1 -1 -10 497 170 531 184 1.5 1.5 2 0 0 0 0 0.593
Car -1 -1 -10 521 172 543 188 1.5 1.5 2 0 0 0 0 0.541
