Car -1 -1 -10 819 173 1017 287 1.5 1.5 2 0 0 0 0 0.993
Car -1 -1 -10 -1 179 191 275 1.5 1.5 2 0 0 0 0 0.991
Car -1 -1 -10 758 174 856 250 1.5 1.5 2 0 0 0 0 0.989
Car -1 -1 -10 711 176 783 236 1.5 1.5 2 0 0 0 0 0.979
Car -1 -1 -10 589 175 637 215 1.5 1.5 2 0 0 0 0 0.849
Car -1 -1 -10 682 175 736 219 1.5 1.5 2 0 0 0 0 0.843
Car -1 -1 -10 488 178 512 192 1.5 1.5 2 0 0 0 0 0.638
Car -1 -1 -10 554 177 570 187 1.5 1.5 2 0 0 0 0 0.601
Car -1 -1 -10 643 172 675 196 1.5 1.5 2 0 0 0 0 0.565
Car -1 -1 -10 464 177 492 191 1.5 1.5 2 0 0 0 0 0.562
