Car -1 -1 -10 248 194 438 296 1.5 1.5 2 0 0 0 0 0.993
Car -1 -1 -10 858 169 954 219 1.5 1.5 2 0 0 0 0 0.990
Car -1 -1 -10 817 175 887 213 1.5 1.5 2 0 0 0 0 0.982
Car -1 -1 -10 418 183 490 259 1.5 1.5 2 0 0 0 0 0.980
Car -1 -1 -10 2 184 282 378 1.5 1.5 2 0 0 0 0 0.980
Car -1 -1 -10 662 180 736 232 1.5 1.5 2 0 0 0 0 0.967
Car -1 -1 -10 1027 292 1241 370 1.5 1.5 2 0 0 0 0 0.953
Car -1 -1 -10 951 165 1049 217 1.5 1.5 2 0 0 0 0 0.915
Car -1 -1 -10 494 174 564 218 1.5 1.5 2 0 0 0 0 0.884
Car -1 -1 -10 1003 136 1241 268 1.5 1.5 2 0 0 0 0 0.758
Car -1 -1 -10 734 169 788 199 1.5 1.5 2 0 0 0 0 0.692
Car -1 -1 -10 778 172 838 208 1.5 1.5 2 0 0 0 0 0.570
