Car -1 -1 -10 267 196 421 286 1.5 1.5 2 0 0 0 0 0.999
Car -1 -1 -10 729 194 929 320 1.5 1.5 2 0 0 0 0 0.994
Car -1 -1 -10 395 189 471 247 1.5 1.5 2 0 0 0 0 0.994
Car -1 -1 -10 2 236 182 374 1.5 1.5 2 0 0 0 0 0.976
Car -1 -1 -10 489 183 539 213 1.5 1.5 2 0 0 0 0 0.964
Car -1 -1 -10 606 176 616 182 1.5 1.5 2 0 0 0 0 0.612
Car -1 -1 -10 541 178 563 192 1.5 1.5 2 0 0 0 0 0.602
Car -1 -1 -10 574 178 586 186 1.5 1.5 2 0 0 0 0 0.579
Car -1 -1 -10 551 178 571 190 1.5 1.5 2 0 0 0 0 0.571
Car -1 -1 -10 592 177 602 183 1.5 1.5 2 0 0 0 0 0.549
