Car -1 -1 -10 793 223 1047 377 1.5 1.5 2 0 0 0 0 0.997
Car -1 -1 -10 664 195 728 251 1.5 1.5 2 0 0 0 0 0.986
Car -1 -1 -10 713 196 821 282 1.5 1.5 2 0 0 0 0 0.984
Car -1 -1 -10 424 185 542 267 1.5 1.5 2 0 0 0 0 0.939
Car -1 -1 -10 642 190 676 224 1.5 1.5 2 0 0 0 0 0.892
Car -1 -1 -10 616 188 640 204 1.5 1.5 2 0 0 0 0 0.786
Car -1 -1 -10 604 188 626 202 1.5 1.5 2 0 0 0 0 0.779
Car -1 -1 -10 552 183 595 211 1.5 1.5 2 0 0 0 0 0.716
Car -1 -1 -10 567 184 601 206 1.5 1.5 2 0 0 0 0 0.604
Car -1 -1 -10 488 188 556 232 1.5 1.5 2 0 0 0 0 0.600
