Car -1 -1 -10 925 167 1057 231 1.5 1.5 2 0 0 0 0 0.996
Car -1 -1 -10 866 168 956 220 1.5 1.5 2 0 0 0 0 0.991
Car -1 -1 -10 453 180 521 230 1.5 1.5 2 0 0 0 0 0.978
Car -1 -1 -10 1055 156 1199 230 1.5 1.5 2 0 0 0 0 0.970
Car -1 -1 -10 300 189 450 291 1.5 1.5 2 0 0 0 0 0.966
Car -1 -1 -10 525 176 569 204 1.5 1.5 2 0 0 0 0 0.960
Car -1 -1 -10 676 180 772 246 1.5 1.5 2 0 0 0 0 0.959
Car -1 -1 -10 -3 204 331 374 1.5 1.5 2 0 0 0 0 0.936
Car -1 -1 -10 821 172 893 212 1.5 1.5 2 0 0 0 0 0.822
Car -1 -1 -10 421 183 467 201 1.5 1.5 2 0 0 0 0 0.769
Car -1 -1 -10 498 164 558 216 1.5 1.5 2 0 0 0 0 0.698
