Car -1 -1 -10 732 161 888 217 1.5 1.5 2 0 0 0 0 0.996
Car -1 -1 -10 475 179 525 213 1.5 1.5 2 0 0 0 0 0.987
Car -1 -1 -10 1010 144 1136 176 1.5 1.5 2 0 0 0 0 0.968
Car -1 -1 -10 501 177 542 203 1.5 1.5 2 0 0 0 0 0.962
Car -1 -1 -10 561 172 589 194 1.5 1.5 2 0 0 0 0 0.907
Car -1 -1 -10 1204 135 1268 177 1.5 1.5 2 0 0 0 0 0.842
Car -1 -1 -10 660 168 688 190 1.5 1.5 2 0 0 0 0 0.814
Car -1 -1 -10 612 171 644 189 1.5 1.5 2 0 0 0 0 0.774
Car -1 -1 -10 754 152 830 178 1.5 1.5 2 0 0 0 0 0.721
Car -1 -1 -10 554 175 578 195 1.5 1.5 2 0 0 0 0 0.703
Car -1 -1 -10 887 147 965 171 1.5 1.5 2 0 0 0 0 0.672
Car -1 -1 -10 521 178 553 198 1.5 1.5 2 0 0 0 0 0.638
Car -1 -1 -10 633 173 657 189 1.5 1.5 2 0 0 0 0 0.512
