Car -1 -1 -10 104 188 308 284 1.5 1.5 2 0 0 0 0 0.983
Car -1 -1 -10 753 194 929 322 1.5 1.5 2 0 0 0 0 0.982
Car -1 -1 -10 -13 192 257 352 1.5 1.5 2 0 0 0 0 0.973
Car -1 -1 -10 706 176 776 220 1.5 1.5 2 0 0 0 0 0.963
Car -1 -1 -10 827 178 1035 254 1.5 1.5 2 0 0 0 0 0.960
Car -1 -1 -10 233 191 387 269 1.5 1.5 2 0 0 0 0 0.917
Car -1 -1 -10 751 180 835 232 1.5 1.5 2 0 0 0 0 0.868
Car -1 -1 -10 345 175 469 233 1.5 1.5 2 0 0 0 0 0.814
Car -1 -1 -10 464 181 532 211 1.5 1.5 2 0 0 0 0 0.775
Car -1 -1 -10 629 181 669 203 1.5 1.5 2 0 0 0 0 0.654
Car -1 -1 -10 -5 240 197 374 1.5 1.5 2 0 0 0 0 0.523
