Car -1 -1 -10 897 165 1019 225 1.5 1.5 2 0 0 0 0 0.995
Car -1 -1 -10 1011 156 1135 226 1.5 1.5 2 0 0 0 0 0.986
Car -1 -1 -10 846 168 926 218 1.5 1.5 2 0 0 0 0 0.986
Car -1 -1 -10 346 184 470 276 1.5 1.5 2 0 0 0 0 0.978
Car -1 -1 -10 667 177 757 235 1.5 1.5 2 0 0 0 0 0.974
Car -1 -1 -10 51 191 373 361 1.5 1.5 2 0 0 0 0 0.964
Car -1 -1 -10 465 179 533 223 1.5 1.5 2 0 0 0 0 0.939
Car -1 -1 -10 795 170 859 208 1.5 1.5 2 0 0 0 0 0.876
Car -1 -1 -10 1119 145 1241 267 1.5 1.5 2 0 0 0 0 0.853
Car -1 -1 -10 528 176 569 202 1.5 1.5 2 0 0 0 0 0.814
Car -1 -1 -10 500 166 560 212 1.5 1.5 2 0 0 0 0 0.691
