Car -1 -1 -10 423 186 505 238 1.5 1.5 2 0 0 0 0 0.996
Car -1 -1 -10 886 211 1242 375 1.5 1.5 2 0 0 0 0 0.995
Car -1 -1 -10 740 180 814 244 1.5 1.5 2 0 0 0 0 0.990
Car -1 -1 -10 780 185 954 285 1.5 1.5 2 0 0 0 0 0.990
Car -1 -1 -10 490 183 540 219 1.5 1.5 2 0 0 0 0 0.837
Car -1 -1 -10 693 181 725 215 1.5 1.5 2 0 0 0 0 0.791
Car -1 -1 -10 714 177 768 225 1.5 1.5 2 0 0 0 0 0.779
Car -1 -1 -10 685 178 703 210 1.5 1.5 2 0 0 0 0 0.686
Car -1 -1 -10 520 184 546 212 1.5 1.5 2 0 0 0 0 0.602
Car -1 -1 -10 949 173 1019 205 1.5 1.5 2 0 0 0 0 0.596
