Car -1 -1 -10 741 186 997 322 1.5 1.5 2 0 0 0 0 0.998
Car -1 -1 -10 682 177 736 205 1.5 1.5 2 0 0 0 0 0.887
Car -1 -1 -10 426 173 506 215 1.5 1.5 2 0 0 0 0 0.859
Car -1 -1 -10 5 171 163 303 1.5 1.5 2 0 0 0 0 0.859
Car -1 -1 -10 727 178 793 212 1.5 1.5 2 0 0 0 0 0.822
Car -1 -1 -10 395 173 471 221 1.5 1.5 2 0 0 0 0 0.806
Car -1 -1 -10 827 184 1041 242 1.5 1.5 2 0 0 0 0 0.742
Car -1 -1 -10 -1 179 261 353 1.5 1.5 2 0 0 0 0 0.686
Car -1 -1 -10 110 182 382 288 1.5 1.5 2 0 0 0 0 0.646
Car -1 -1 -10 632 175 658 193 1.5 1.5 2 0 0 0 0 0.606
