Car -1 -1 -10 1127 180 1169 200 1.5 1.5 2 0 0 0 0 0.910
Car -1 -1 -10 592 184 626 210 1.5 1.5 2 0 0 0 0 0.894
Car -1 -1 -10 1014 181 1058 197 1.5 1.5 2 0 0 0 0 0.827
Car -1 -1 -10 1088 182 1136 200 1.5 1.5 2 0 0 0 0 0.765
Car -1 -1 -10 980 182 1020 198 1.5 1.5 2 0 0 0 0 0.743
Car -1 -1 -10 1154 180 1216 200 1.5 1.5 2 0 0 0 0 0.742
Car -1 -1 -10 571 186 587 198 1.5 1.5 2 0 0 0 0 0.697
Car -1 -1 -10 350 187 382 205 1.5 1.5 2 0 0 0 0 0.687
Car -1 -1 -10 107 204 139 220 1.5 1.5 2 0 0 0 0 0.677
Car -1 -1 -10 701 174 725 188 1.5 1.5 2 0 0 0 0 0.610
