Car -1 -1 -10 20 178 318 350 1.5 1.5 2 0 0 0 0 0.999
Car -1 -1 -10 736 188 846 260 1.5 1.5 2 0 0 0 0 0.999
Car -1 -1 -10 587 182 657 236 1.5 1.5 2 0 0 0 0 0.996
Car -1 -1 -10 274 183 408 289 1.5 1.5 2 0 0 0 0 0.996
Car -1 -1 -10 365 185 467 259 1.5 1.5 2 0 0 0 0 0.995
Car -1 -1 -10 704 176 772 234 1.5 1.5 2 0 0 0 0 0.984
Car -1 -1 -10 440 179 526 237 1.5 1.5 2 0 0 0 0 0.963
Car -1 -1 -10 -2 157 102 257 1.5 1.5 2 0 0 0 0 0.824
Car -1 -1 -10 510 179 560 209 1.5 1.5 2 0 0 0 0 0.732
Car -1 -1 -10 675 180 733 218 1.5 1.5 2 0 0 0 0 0.690
Car -1 -1 -10 535 179 567 207 1.5 1.5 2 0 0 0 0 0.600
