Car -1 -1 -10 1142 151 1313 265 1.5 1.5 2 0 0 0 0 0.992
Car -1 -1 -10 1012 159 1174 245 1.5 1.5 2 0 0 0 0 0.992
Car -1 -1 -10 731 167 889 281 1.5 1.5 2 0 0 0 0 0.989
Car -1 -1 -10 942 160 1050 230 1.5 1.5 2 0 0 0 0 0.987
Car -1 -1 -10 -1 214 319 376 1.5 1.5 2 0 0 0 0 0.976
Car -1 -1 -10 394 180 516 252 1.5 1.5 2 0 0 0 0 0.965
Car -1 -1 -10 709 184 790 238 1.5 1.5 2 0 0 0 0 0.960
Car -1 -1 -10 567 176 621 194 1.5 1.5 2 0 0 0 0 0.901
Car -1 -1 -10 528 178 570 206 1.5 1.5 2 0 0 0 0 0.868
Car -1 -1 -10 895 163 985 219 1.5 1.5 2 0 0 0 0 0.788
Car -1 -1 -10 855 163 925 201 1.5 1.5 2 0 0 0 0 0.536
