Car -1 -1 -10 680 184 814 280 1.5 1.5 2 0 0 0 0 0.997
Car -1 -1 -10 0 245 350 361 1.5 1.5 2 0 0 0 0 0.997
Car -1 -1 -10 179 184 275 228 1.5 1.5 2 0 0 0 0 0.993
Car -1 -1 -10 542 182 594 220 1.5 1.5 2 0 0 0 0 0.987
Car -1 -1 -10 646 181 702 237 1.5 1.5 2 0 0 0 0 0.967
Car -1 -1 -10 -4 194 178 270 1.5 1.5 2 0 0 0 0 0.891
Car -1 -1 -10 307 190 393 236 1.5 1.5 2 0 0 0 0 0.730
Car -1 -1 -10 360 182 446 234 1.5 1.5 2 0 0 0 0 0.718
Car -1 -1 -10 498 179 528 207 1.5 1.5 2 0 0 0 0 0.676
Car -1 -1 -10 676 187 710 259 1.5 1.5 2 0 0 0 0 0.557
