Car -1 -1 -10 55 204 427 376 1.5 1.5 2 0 0 0 0 0.999
Car -1 -1 -10 561 180 623 230 1.5 1.5 2 0 0 0 0 0.996
Car -1 -1 -10 770 172 1070 386 1.5 1.5 2 0 0 0 0 0.994
Car -1 -1 -10 333 195 485 289 1.5 1.5 2 0 0 0 0 0.988
Car -1 -1 -10 521 178 565 210 1.5 1.5 2 0 0 0 0 0.974
Car -1 -1 -10 438 177 496 213 1.5 1.5 2 0 0 0 0 0.823
Car -1 -1 -10 616 173 638 195 1.5 1.5 2 0 0 0 0 0.792
Car -1 -1 -10 493 178 525 200 1.5 1.5 2 0 0 0 0 0.619
Car -1 -1 -10 150 187 222 211 1.5 1.5 2 0 0 0 0 0.552
Car -1 -1 -10 381 178 423 192 1.5 1.5 2 0 0 0 0 0.507
