Car -1 -1 -10 694 177 818 267 1.5 1.5 2 0 0 0 0 0.995
Car -1 -1 -10 752 191 980 315 1.5 1.5 2 0 0 0 0 0.995
Car -1 -1 -10 500 181 550 219 1.5 1.5 2 0 0 0 0 0.986
Car -1 -1 -10 637 182 665 200 1.5 1.5 2 0 0 0 0 0.904
Car -1 -1 -10 656 179 716 219 1.5 1.5 2 0 0 0 0 0.875
Car -1 -1 -10 386 184 448 204 1.5 1.5 2 0 0 0 0 0.849
Car -1 -1 -10 592 174 610 192 1.5 1.5 2 0 0 0 0 0.749
Car -1 -1 -10 678 176 772 238 1.5 1.5 2 0 0 0 0 0.702
Car -1 -1 -10 621 177 635 189 1.5 1.5 2 0 0 0 0 0.574
Car -1 -1 -10 602 176 618 188 1.5 1.5 2 0 0 0 0 0.521
