Car -1 -1 -10 6 228 436 376 1.5 1.5 2 0 0 0 0 1.000
Car -1 -1 -10 753 202 1225 384 1.5 1.5 2 0 0 0 0 1.000
Car -1 -1 -10 708 178 846 286 1.5 1.5 2 0 0 0 0 0.993
Car -1 -1 -10 329 191 483 301 1.5 1.5 2 0 0 0 0 0.993
Car -1 -1 -10 559 178 619 232 1.5 1.5 2 0 0 0 0 0.992
Car -1 -1 -10 171 183 265 221 1.5 1.5 2 0 0 0 0 0.979
Car -1 -1 -10 1 203 101 329 1.5 1.5 2 0 0 0 0 0.974
Car -1 -1 -10 384 185 501 263 1.5 1.5 2 0 0 0 0 0.956
Car -1 -1 -10 520 178 560 208 1.5 1.5 2 0 0 0 0 0.935
Car -1 -1 -10 6 191 110 227 1.5 1.5 2 0 0 0 0 0.929
Car -1 -1 -10 285 190 353 236 1.5 1.5 2 0 0 0 0 0.743
Car -1 -1 -10 493 179 523 201 1.5 1.5 2 0 0 0 0 0.721
Car -1 -1 -10 606 177 643 201 1.5 1.5 2 0 0 0 0 0.668
Car -1 -1 -10 633 181 677 215 1.5 1.5 2 0 0 0 0 0.549
