Car -1 -1 -10 400 191 472 235 1.5 1.5 2 0 0 0 0 0.994
Car -1 -1 -10 1 237 109 375 1.5 1.5 2 0 0 0 0 0.993
Car -1 -1 -10 1009 142 1245 228 1.5 1.5 2 0 0 0 0 0.992
Car -1 -1 -10 288 197 406 265 1.5 1.5 2 0 0 0 0 0.985
Car -1 -1 -10 965 140 1109 218 1.5 1.5 2 0 0 0 0 0.970
Car -1 -1 -10 697 178 785 234 1.5 1.5 2 0 0 0 0 0.942
Car -1 -1 -10 848 151 1012 213 1.5 1.5 2 0 0 0 0 0.920
Car -1 -1 -10 79 205 303 347 1.5 1.5 2 0 0 0 0 0.880
Car -1 -1 -10 663 179 689 209 1.5 1.5 2 0 0 0 0 0.812
Car -1 -1 -10 636 175 664 201 1.5 1.5 2 0 0 0 0 0.544
Car -1 -1 -10 839 157 941 205 1.5 1.5 2 0 0 0 0 0.531
