Car -1 -1 -10 405 178 539 248 1.5 1.5 2 0 0 0 0 0.996
Car -1 -1 -10 601 176 691 234 1.5 1.5 2 0 0 0 0 0.994
Car -1 -1 -10 681 173 707 191 1.5 1.5 2 0 0 0 0 0.966
Car -1 -1 -10 1202 155 1236 171 1.5 1.5 2 0 0 0 0 0.923
Car -1 -1 -10 718 172 748 194 1.5 1.5 2 0 0 0 0 0.891
Car -1 -1 -10 1170 156 1202 174 1.5 1.5 2 0 0 0 0 0.857
Car -1 -1 -10 1039 160 1079 176 1.5 1.5 2 0 0 0 0 0.736
Car -1 -1 -10 531 179 559 199 1.5 1.5 2 0 0 0 0 0.642
Car -1 -1 -10 1136 157 1172 173 1.5 1.5 2 0 0 0 0 0.626
Car -1 -1 -10 1104 159 1140 175 1.5 1.5 2 0 0 0 0 0.552
