Car -1 -1 -10 737 186 861 262 1.5 1.5 2 0 0 0 0 0.998
Car -1 -1 -10 710 175 780 235 1.5 1.5 2 0 0 0 0 0.994
Car -1 -1 -10 481 180 539 216 1.5 1.5 2 0 0 0 0 0.967
Car -1 -1 -10 601 179 625 191 1.5 1.5 2 0 0 0 0 0.963
Car -1 -1 -10 538 180 571 202 1.5 1.5 2 0 0 0 0 0.939
Car -1 -1 -10 949 169 1119 213 1.5 1.5 2 0 0 0 0 0.923
Car -1 -1 -10 684 173 710 193 1.5 1.5 2 0 0 0 0 0.917
Car -1 -1 -10 1139 165 1241 241 1.5 1.5 2 0 0 0 0 0.907
Car -1 -1 -10 521 183 557 207 1.5 1.5 2 0 0 0 0 0.776
Car -1 -1 -10 637 174 651 182 1.5 1.5 2 0 0 0 0 0.718
Car -1 -1 -10 502 179 547 209 1.5 1.5 2 0 0 0 0 0.678
Car -1 -1 -10 570 176 588 188 1.5 1.5 2 0 0 0 0 0.586
