Car -1 -1 -10 5 178 145 310 1.5 1.5 2 0 0 0 0 0.983
Car -1 -1 -10 77 178 221 272 1.5 1.5 2 0 0 0 0 0.982
Car -1 -1 -10 196 181 302 247 1.5 1.5 2 0 0 0 0 0.973
Car -1 -1 -10 292 183 372 233 1.5 1.5 2 0 0 0 0 0.950
Car -1 -1 -10 402 181 460 211 1.5 1.5 2 0 0 0 0 0.903
Car -1 -1 -10 649 175 675 193 1.5 1.5 2 0 0 0 0 0.887
Car -1 -1 -10 1125 149 1245 183 1.5 1.5 2 0 0 0 0 0.824
Car -1 -1 -10 439 181 475 205 1.5 1.5 2 0 0 0 0 0.728
Car -1 -1 -10 471 181 491 201 1.5 1.5 2 0 0 0 0 0.715
Car -1 -1 -10 489 177 509 191 1.5 1.5 2 0 0 0 0 0.654
Car -1 -1 -10 1076 152 1198 178 1.5 1.5 2 0 0 0 0 0.644
Car -1 -1 -10 680 174 702 190 1.5 1.5 2 0 0 0 0 0.644
Car -1 -1 -10 572 179 592 189 1.5 1.5 2 0 0 0 0 0.635
Car -1 -1 -10 386 180 418 202 1.5 1.5 2 0 0 0 0 0.524
Car -1 -1 -10 996 141 1146 175 1.5 1.5 2 0 0 0 0 0.507
