Car -1 -1 -10 40 191 234 267 1.5 1.5 2 0 0 0 0 0.998
Car -1 -1 -10 232 176 312 214 1.5 1.5 2 0 0 0 0 0.978
Car -1 -1 -10 1154 179 1242 369 1.5 1.5 2 0 0 0 0 0.958
Car -1 -1 -10 728 174 826 224 1.5 1.5 2 0 0 0 0 0.939
Car -1 -1 -10 525 175 559 195 1.5 1.5 2 0 0 0 0 0.890
Car -1 -1 -10 575 180 751 344 1.5 1.5 2 0 0 0 0 0.889
Car -1 -1 -10 348 180 420 216 1.5 1.5 2 0 0 0 0 0.882
Car -1 -1 -10 589 174 611 186 1.5 1.5 2 0 0 0 0 0.759
Car -1 -1 -10 453 173 505 197 1.5 1.5 2 0 0 0 0 0.664
Car -1 -1 -10 417 180 451 206 1.5 1.5 2 0 0 0 0 0.584
Car -1 -1 -10 56 187 94 209 1.5 1.5 2 0 0 0 0 0.509
