Car -1 -1 -10 203 179 331 235 1.5 1.5 2 0 0 0 0 0.998
Car -1 -1 -10 1 219 227 375 1.5 1.5 2 0 0 0 0 0.996
Car -1 -1 -10 431 184 499 230 1.5 1.5 2 0 0 0 0 0.994
Car -1 -1 -10 683 183 773 241 1.5 1.5 2 0 0 0 0 0.993
Car -1 -1 -10 846 207 1226 373 1.5 1.5 2 0 0 0 0 0.987
Car -1 -1 -10 762 193 946 327 1.5 1.5 2 0 0 0 0 0.977
Car -1 -1 -10 475 172 527 212 1.5 1.5 2 0 0 0 0 0.939
Car -1 -1 -10 649 175 683 211 1.5 1.5 2 0 0 0 0 0.856
Car -1 -1 -10 674 179 738 221 1.5 1.5 2 0 0 0 0 0.749
Car -1 -1 -10 534 176 556 192 1.5 1.5 2 0 0 0 0 0.631
