Car -1 -1 -10 3 241 131 369 1.5 1.5 2 0 0 0 0 0.998
Car -1 -1 -10 5 186 221 314 1.5 1.5 2 0 0 0 0 0.996
Car -1 -1 -10 708 187 848 277 1.5 1.5 2 0 0 0 0 0.990
Car -1 -1 -10 194 192 354 284 1.5 1.5 2 0 0 0 0 0.969
Car -1 -1 -10 465 178 529 202 1.5 1.5 2 0 0 0 0 0.939
Car -1 -1 -10 317 175 429 239 1.5 1.5 2 0 0 0 0 0.931
Car -1 -1 -10 814 188 910 236 1.5 1.5 2 0 0 0 0 0.930
Car -1 -1 -10 698 174 822 212 1.5 1.5 2 0 0 0 0 0.885
Car -1 -1 -10 208 173 396 249 1.5 1.5 2 0 0 0 0 0.799
Car -1 -1 -10 362 171 502 227 1.5 1.5 2 0 0 0 0 0.639
