Car -1 -1 -10 404 190 470 254 1.5 1.5 2 0 0 0 0 0.995
Car -1 -1 -10 455 188 505 232 1.5 1.5 2 0 0 0 0 0.981
Car -1 -1 -10 678 176 736 210 1.5 1.5 2 0 0 0 0 0.974
Car -1 -1 -10 498 184 543 214 1.5 1.5 2 0 0 0 0 0.954
Car -1 -1 -10 644 182 672 204 1.5 1.5 2 0 0 0 0 0.882
Car -1 -1 -10 -9 181 445 375 1.5 1.5 2 0 0 0 0 0.855
Car -1 -1 -10 600 175 632 187 1.5 1.5 2 0 0 0 0 0.805
Car -1 -1 -10 521 185 551 205 1.5 1.5 2 0 0 0 0 0.726
Car -1 -1 -10 1158 136 1244 184 1.5 1.5 2 0 0 0 0 0.683
Car -1 -1 -10 881 144 1063 204 1.5 1.5 2 0 0 0 0 0.631
Car -1 -1 -10 613 181 649 207 1.5 1.5 2 0 0 0 0 0.589
