Car -1 -1 -10 747 203 1117 377 1.5 1.5 2 0 0 0 0 0.998
Car -1 -1 -10 282 196 478 358 1.5 1.5 2 0 0 0 0 0.993
Car -1 -1 -10 8 209 366 375 1.5 1.5 2 0 0 0 0 0.991
Car -1 -1 -10 666 190 726 244 1.5 1.5 2 0 0 0 0 0.987
Car -1 -1 -10 430 196 518 282 1.5 1.5 2 0 0 0 0 0.986
Car -1 -1 -10 710 188 822 280 1.5 1.5 2 0 0 0 0 0.977
Car -1 -1 -10 514 186 558 224 1.5 1.5 2 0 0 0 0 0.900
Car -1 -1 -10 521 175 581 215 1.5 1.5 2 0 0 0 0 0.807
Car -1 -1 -10 613 184 639 200 1.5 1.5 2 0 0 0 0 0.806
Car -1 -1 -10 563 182 602 208 1.5 1.5 2 0 0 0 0 0.712
Car -1 -1 -10 637 186 655 200 1.5 1.5 2 0 0 0 0 0.654
Car -1 -1 -10 651 186 677 202 1.5 1.5 2 0 0 0 0 0.585
Car -1 -1 -10 606 187 626 201 1.5 1.5 2 0 0 0 0 0.538
