Car -1 -1 -10 1109 219 1237 377 1.5 1.5 2 0 0 0 0 0.989
Car -1 -1 -10 455 186 503 228 1.5 1.5 2 0 0 0 0 0.981
Car -1 -1 -10 518 180 540 208 1.5 1.5 2 0 0 0 0 0.969
Car -1 -1 -10 662 175 724 205 1.5 1.5 2 0 0 0 0 0.953
Car -1 -1 -10 165 176 481 370 1.5 1.5 2 0 0 0 0 0.936
Car -1 -1 -10 881 145 1027 203 1.5 1.5 2 0 0 0 0 0.906
Car -1 -1 -10 612 180 642 206 1.5 1.5 2 0 0 0 0 0.775
Car -1 -1 -10 504 184 524 212 1.5 1.5 2 0 0 0 0 0.716
Car -1 -1 -10 1019 142 1115 186 1.5 1.5 2 0 0 0 0 0.689
Car -1 -1 -10 493 184 513 212 1.5 1.5 2 0 0 0 0 0.629
Car -1 -1 -10 1098 147 1166 181 1.5 1.5 2 0 0 0 0 0.617
