Car -1 -1 -10 3 202 247 346 1.5 1.5 2 0 0 0 0 0.994
Car -1 -1 -10 259 186 531 326 1.5 1.5 2 0 0 0 0 0.994
Car -1 -1 -10 668 174 696 196 1.5 1.5 2 0 0 0 0 0.966
Car -1 -1 -10 696 173 738 203 1.5 1.5 2 0 0 0 0 0.926
Car -1 -1 -10 1200 155 1236 171 1.5 1.5 2 0 0 0 0 0.901
Car -1 -1 -10 1170 157 1202 175 1.5 1.5 2 0 0 0 0 0.847
Car -1 -1 -10 485 182 519 202 1.5 1.5 2 0 0 0 0 0.831
Car -1 -1 -10 1136 158 1172 174 1.5 1.5 2 0 0 0 0 0.671
Car -1 -1 -10 1039 161 1079 177 1.5 1.5 2 0 0 0 0 0.670
Car -1 -1 -10 538 176 562 192 1.5 1.5 2 0 0 0 0 0.539
Car -1 -1 -10 1103 159 1141 175 1.5 1.5 2 0 0 0 0 0.533
