Car -1 -1 -10 321 193 433 255 1.5 1.5 2 0 0 0 0 0.996
Car -1 -1 -10 -4 194 150 300 1.5 1.5 2 0 0 0 0 0.980
Car -1 -1 -10 139 197 277 261 1.5 1.5 2 0 0 0 0 0.977
Car -1 -1 -10 273 187 357 233 1.5 1.5 2 0 0 0 0 0.971
Car -1 -1 -10 652 179 696 203 1.5 1.5 2 0 0 0 0 0.919
Car -1 -1 -10 622 173 658 195 1.5 1.5 2 0 0 0 0 0.889
Car -1 -1 -10 1189 146 1241 180 1.5 1.5 2 0 0 0 0 0.799
Car -1 -1 -10 681 172 703 192 1.5 1.5 2 0 0 0 0 0.736
Car -1 -1 -10 980 154 1056 174 1.5 1.5 2 0 0 0 0 0.717
Car -1 -1 -10 731 169 753 183 1.5 1.5 2 0 0 0 0 0.552
