Car -1 -1 -10 895 155 1229 319 1.5 1.5 2 0 0 0 0 0.999
Car -1 -1 -10 203 192 437 338 1.5 1.5 2 0 0 0 0 0.994
Car -1 -1 -10 422 187 506 259 1.5 1.5 2 0 0 0 0 0.991
Car -1 -1 -10 484 185 536 235 1.5 1.5 2 0 0 0 0 0.988
Car -1 -1 -10 3 232 195 374 1.5 1.5 2 0 0 0 0 0.987
Car -1 -1 -10 743 173 809 211 1.5 1.5 2 0 0 0 0 0.957
Car -1 -1 -10 680 180 752 234 1.5 1.5 2 0 0 0 0 0.942
Car -1 -1 -10 495 179 549 215 1.5 1.5 2 0 0 0 0 0.863
Car -1 -1 -10 511 182 562 216 1.5 1.5 2 0 0 0 0 0.853
Car -1 -1 -10 850 169 928 231 1.5 1.5 2 0 0 0 0 0.821
Car -1 -1 -10 824 160 850 174 1.5 1.5 2 0 0 0 0 0.579
Car -1 -1 -10 524 185 565 211 1.5 1.5 2 0 0 0 0 0.577
Car -1 -1 -10 720 176 774 216 1.5 1.5 2 0 0 0 0 0.507
