Car -1 -1 -10 217 191 385 279 1.5 1.5 2 0 0 0 0 0.998
Car -1 -1 -10 60 192 228 272 1.5 1.5 2 0 0 0 0 0.978
Car -1 -1 -10 1 192 73 300 1.5 1.5 2 0 0 0 0 0.944
Car -1 -1 -10 649 178 695 204 1.5 1.5 2 0 0 0 0 0.895
Car -1 -1 -10 995 153 1083 175 1.5 1.5 2 0 0 0 0 0.841
Car -1 -1 -10 622 173 656 195 1.5 1.5 2 0 0 0 0 0.610
Car -1 -1 -10 1153 144 1241 182 1.5 1.5 2 0 0 0 0 0.572
Car -1 -1 -10 1074 145 1170 171 1.5 1.5 2 0 0 0 0 0.558
Car -1 -1 -10 435 184 465 194 1.5 1.5 2 0 0 0 0 0.550
Car -1 -1 -10 680 172 702 192 1.5 1.5 2 0 0 0 0 0.526
