Car -1 -1 -10 40 183 316 353 1.5 1.5 2 0 0 0 0 0.997
Car -1 -1 -10 592 180 660 230 1.5 1.5 2 0 0 0 0 0.997
Car -1 -1 -10 365 177 517 241 1.5 1.5 2 0 0 0 0 0.996
Car -1 -1 -10 -1 223 71 375 1.5 1.5 2 0 0 0 0 0.975
Car -1 -1 -10 781 192 941 272 1.5 1.5 2 0 0 0 0 0.968
Car -1 -1 -10 738 179 814 239 1.5 1.5 2 0 0 0 0 0.968
Car -1 -1 -10 900 174 1234 382 1.5 1.5 2 0 0 0 0 0.933
Car -1 -1 -10 4 183 98 269 1.5 1.5 2 0 0 0 0 0.854
Car -1 -1 -10 710 168 778 222 1.5 1.5 2 0 0 0 0 0.842
Car -1 -1 -10 483 175 545 209 1.5 1.5 2 0 0 0 0 0.817
Car -1 -1 -10 232 172 392 226 1.5 1.5 2 0 0 0 0 0.699
