Car -1 -1 -10 764 179 990 277 1.5 1.5 2 0 0 0 0 0.990
Car -1 -1 -10 315 175 395 215 1.5 1.5 2 0 0 0 0 0.986
Car -1 -1 -10 587 174 649 222 1.5 1.5 2 0 0 0 0 0.980
Car -1 -1 -10 1131 173 1239 367 1.5 1.5 2 0 0 0 0 0.977
Car -1 -1 -10 738 175 844 239 1.5 1.5 2 0 0 0 0 0.924
Car -1 -1 -10 429 179 459 203 1.5 1.5 2 0 0 0 0 0.707
Car -1 -1 -10 728 172 786 224 1.5 1.5 2 0 0 0 0 0.689
Car -1 -1 -10 395 179 429 207 1.5 1.5 2 0 0 0 0 0.662
Car -1 -1 -10 -1 181 45 215 1.5 1.5 2 0 0 0 0 0.648
Car -1 -1 -10 678 157 748 211 1.5 1.5 2 0 0 0 0 0.642
