Car -1 -1 -10 2 177 296 299 1.5 1.5 2 0 0 0 0 0.997
Car -1 -1 -10 831 214 1237 366 1.5 1.5 2 0 0 0 0 0.985
Car -1 -1 -10 417 179 511 211 1.5 1.5 2 0 0 0 0 0.981
Car -1 -1 -10 730 171 886 229 1.5 1.5 2 0 0 0 0 0.970
Car -1 -1 -10 -3 244 93 372 1.5 1.5 2 0 0 0 0 0.969
Car -1 -1 -10 250 165 448 241 1.5 1.5 2 0 0 0 0 0.899
Car -1 -1 -10 839 187 1087 263 1.5 1.5 2 0 0 0 0 0.883
Car -1 -1 -10 821 180 979 252 1.5 1.5 2 0 0 0 0 0.812
Car -1 -1 -10 572 173 588 183 1.5 1.5 2 0 0 0 0 0.656
Car -1 -1 -10 515 172 551 192 1.5 1.5 2 0 0 0 0 0.528
Car -1 -1 -10 587 172 603 182 1.5 1.5 2 0 0 0 0 0.524
Car -1 -1 -10 606 175 618 183 1.5 1.5 2 0 0 0 0 0.521
Car -1 -1 -10 553 174 571 186 1.5 1.5 2 0 0 0 0 0.502
