Car -1 -1 -10 796 186 1182 354 1.5 1.5 2 0 0 0 0 0.999
Car -1 -1 -10 49 185 379 377 1.5 1.5 2 0 0 0 0 0.998
Car -1 -1 -10 744 175 852 255 1.5 1.5 2 0 0 0 0 0.998
Car -1 -1 -10 492 174 580 236 1.5 1.5 2 0 0 0 0 0.978
Car -1 -1 -10 642 174 708 208 1.5 1.5 2 0 0 0 0 0.973
Car -1 -1 -10 709 170 737 192 1.5 1.5 2 0 0 0 0 0.894
Car -1 -1 -10 371 168 491 266 1.5 1.5 2 0 0 0 0 0.830
Car -1 -1 -10 895 154 961 192 1.5 1.5 2 0 0 0 0 0.735
Car -1 -1 -10 823 165 857 185 1.5 1.5 2 0 0 0 0 0.721
Car -1 -1 -10 327 185 367 201 1.5 1.5 2 0 0 0 0 0.589
Car -1 -1 -10 959 152 993 186 1.5 1.5 2 0 0 0 0 0.568
Car -1 -1 -10 -157 233 47 369 1.5 1.5 2 0 0 0 0 0.534
Car -1 -1 -10 702 173 728 195 1.5 1.5 2 0 0 0 0 0.523
