Car -1 -1 -10 460 175 618 271 1.5 1.5 2 0 0 0 0 0.998
Car -1 -1 -10 823 187 1033 349 1.5 1.5 2 0 0 0 0 0.984
Car -1 -1 -10 759 168 801 202 1.5 1.5 2 0 0 0 0 0.950
Car -1 -1 -10 602 173 634 211 1.5 1.5 2 0 0 0 0 0.929
Car -1 -1 -10 909 231 1241 363 1.5 1.5 2 0 0 0 0 0.929
Car -1 -1 -10 639 162 689 194 1.5 1.5 2 0 0 0 0 0.913
Car -1 -1 -10 942 147 1072 213 1.5 1.5 2 0 0 0 0 0.807
Car -1 -1 -10 801 158 873 198 1.5 1.5 2 0 0 0 0 0.686
Car -1 -1 -10 805 171 931 247 1.5 1.5 2 0 0 0 0 0.676
Car -1 -1 -10 1052 135 1198 213 1.5 1.5 2 0 0 0 0 0.576
