Car -1 -1 -10 283 185 355 239 1.5 1.5 2 0 0 0 0 0.993
Car -1 -1 -10 143 185 299 269 1.5 1.5 2 0 0 0 0 0.962
Car -1 -1 -10 490 184 534 206 1.5 1.5 2 0 0 0 0 0.956
Car -1 -1 -10 387 183 439 215 1.5 1.5 2 0 0 0 0 0.941
Car -1 -1 -10 342 188 400 226 1.5 1.5 2 0 0 0 0 0.913
Car -1 -1 -10 659 172 687 196 1.5 1.5 2 0 0 0 0 0.906
Car -1 -1 -10 1158 142 1240 174 1.5 1.5 2 0 0 0 0 0.885
Car -1 -1 -10 633 168 659 190 1.5 1.5 2 0 0 0 0 0.833
Car -1 -1 -10 1003 151 1133 173 1.5 1.5 2 0 0 0 0 0.795
Car -1 -1 -10 683 170 705 188 1.5 1.5 2 0 0 0 0 0.732
Car -1 -1 -10 1077 136 1159 166 1.5 1.5 2 0 0 0 0 0.521
Car -1 -1 -10 701 169 725 185 1.5 1.5 2 0 0 0 0 0.506
