Car -1 -1 -10 819 193 1119 357 1.5 1.5 2 0 0 0 0 0.999
Car -1 -1 -10 290 203 458 307 1.5 1.5 2 0 0 0 0 0.994
Car -1 -1 -10 12 221 296 371 1.5 1.5 2 0 0 0 0 0.986
Car -1 -1 -10 999 229 1233 375 1.5 1.5 2 0 0 0 0 0.981
Car -1 -1 -10 671 178 738 222 1.5 1.5 2 0 0 0 0 0.961
Car -1 -1 -10 732 173 854 279 1.5 1.5 2 0 0 0 0 0.948
Car -1 -1 -10 540 176 574 200 1.5 1.5 2 0 0 0 0 0.845
Car -1 -1 -10 693 179 753 243 1.5 1.5 2 0 0 0 0 0.832
Car -1 -1 -10 652 175 698 205 1.5 1.5 2 0 0 0 0 0.733
Car -1 -1 -10 639 174 673 196 1.5 1.5 2 0 0 0 0 0.644
Car -1 -1 -10 464 168 542 234 1.5 1.5 2 0 0 0 0 0.589
