Car -1 -1 -10 1048 198 1242 360 1.5 1.5 2 0 0 0 0 0.998
Car -1 -1 -10 4 191 142 367 1.5 1.5 2 0 0 0 0 0.995
Car -1 -1 -10 902 186 1112 314 1.5 1.5 2 0 0 0 0 0.994
Car -1 -1 -10 790 182 946 266 1.5 1.5 2 0 0 0 0 0.990
Car -1 -1 -10 30 179 250 307 1.5 1.5 2 0 0 0 0 0.974
Car -1 -1 -10 746 176 858 242 1.5 1.5 2 0 0 0 0 0.963
Car -1 -1 -10 171 164 369 260 1.5 1.5 2 0 0 0 0 0.945
Car -1 -1 -10 373 179 491 213 1.5 1.5 2 0 0 0 0 0.929
Car -1 -1 -10 632 178 678 212 1.5 1.5 2 0 0 0 0 0.908
Car -1 -1 -10 870 185 984 273 1.5 1.5 2 0 0 0 0 0.764
