Car -1 -1 -10 32 193 204 257 1.5 1.5 2 0 0 0 0 0.996
Car -1 -1 -10 433 181 555 243 1.5 1.5 2 0 0 0 0 0.978
Car -1 -1 -10 1200 155 1238 171 1.5 1.5 2 0 0 0 0 0.914
Car -1 -1 -10 668 173 694 197 1.5 1.5 2 0 0 0 0 0.881
Car -1 -1 -10 695 172 715 188 1.5 1.5 2 0 0 0 0 0.856
Car -1 -1 -10 1171 156 1203 174 1.5 1.5 2 0 0 0 0 0.810
Car -1 -1 -10 1039 159 1079 177 1.5 1.5 2 0 0 0 0 0.756
Car -1 -1 -10 1104 158 1142 176 1.5 1.5 2 0 0 0 0 0.747
Car -1 -1 -10 1137 158 1173 174 1.5 1.5 2 0 0 0 0 0.680
Car -1 -1 -10 294 192 320 206 1.5 1.5 2 0 0 0 0 0.531
