Car -1 -1 -10 517 212 887 376 1.5 1.5 2 0 0 0 0 1.000
Car -1 -1 -10 412 218 594 326 1.5 1.5 2 0 0 0 0 0.995
Car -1 -1 -10 -86 234 50 324 1.5 1.5 2 0 0 0 0 0.946
Car -1 -1 -10 353 209 457 293 1.5 1.5 2 0 0 0 0 0.940
Car -1 -1 -10 296 205 374 273 1.5 1.5 2 0 0 0 0 0.906
Car -1 -1 -10 99 217 133 241 1.5 1.5 2 0 0 0 0 0.839
Car -1 -1 -10 247 214 304 252 1.5 1.5 2 0 0 0 0 0.781
Car -1 -1 -10 28 213 108 271 1.5 1.5 2 0 0 0 0 0.716
Car -1 -1 -10 227 214 266 240 1.5 1.5 2 0 0 0 0 0.595
Car -1 -1 -10 212 215 245 237 1.5 1.5 2 0 0 0 0 0.558
