Car -1 -1 -10 479 183 625 263 1.5 1.5 2 0 0 0 0 0.995
Car -1 -1 -10 337 185 429 217 1.5 1.5 2 0 0 0 0 0.986
Car -1 -1 -10 -2 196 142 266 1.5 1.5 2 0 0 0 0 0.969
Car -1 -1 -10 664 172 694 198 1.5 1.5 2 0 0 0 0 0.928
Car -1 -1 -10 1202 155 1236 171 1.5 1.5 2 0 0 0 0 0.910
Car -1 -1 -10 1170 156 1202 174 1.5 1.5 2 0 0 0 0 0.877
Car -1 -1 -10 467 183 503 205 1.5 1.5 2 0 0 0 0 0.719
Car -1 -1 -10 1039 159 1079 177 1.5 1.5 2 0 0 0 0 0.702
Car -1 -1 -10 1136 158 1172 174 1.5 1.5 2 0 0 0 0 0.690
Car -1 -1 -10 1104 158 1140 176 1.5 1.5 2 0 0 0 0 0.605
Car -1 -1 -10 294 192 318 206 1.5 1.5 2 0 0 0 0 0.543
