Car -1 -1 -10 33 178 297 318 1.5 1.5 2 0 0 0 0 0.984
Car -1 -1 -10 0 193 253 361 1.5 1.5 2 0 0 0 0 0.983
Car -1 -1 -10 744 194 906 296 1.5 1.5 2 0 0 0 0 0.978
Car -1 -1 -10 269 173 413 245 1.5 1.5 2 0 0 0 0 0.946
Car -1 -1 -10 451 175 519 201 1.5 1.5 2 0 0 0 0 0.943
Car -1 -1 -10 830 182 956 244 1.5 1.5 2 0 0 0 0 0.921
Car -1 -1 -10 94 150 364 274 1.5 1.5 2 0 0 0 0 0.850
Car -1 -1 -10 714 172 834 214 1.5 1.5 2 0 0 0 0 0.843
Car -1 -1 -10 330 163 478 231 1.5 1.5 2 0 0 0 0 0.813
Car -1 -1 -10 499 171 529 193 1.5 1.5 2 0 0 0 0 0.542
