Car -1 -1 -10 930 186 1218 342 1.5 1.5 2 0 0 0 0 0.999
Car -1 -1 -10 813 174 1055 280 1.5 1.5 2 0 0 0 0 0.998
Car -1 -1 -10 -2 183 116 363 1.5 1.5 2 0 0 0 0 0.994
Car -1 -1 -10 630 179 690 223 1.5 1.5 2 0 0 0 0 0.990
Car -1 -1 -10 1155 190 1245 370 1.5 1.5 2 0 0 0 0 0.990
Car -1 -1 -10 14 158 228 332 1.5 1.5 2 0 0 0 0 0.975
Car -1 -1 -10 291 184 437 214 1.5 1.5 2 0 0 0 0 0.889
Car -1 -1 -10 615 175 643 201 1.5 1.5 2 0 0 0 0 0.874
Car -1 -1 -10 383 183 443 217 1.5 1.5 2 0 0 0 0 0.823
Car -1 -1 -10 506 177 524 193 1.5 1.5 2 0 0 0 0 0.758
Car -1 -1 -10 539 176 555 186 1.5 1.5 2 0 0 0 0 0.688
Car -1 -1 -10 470 178 496 204 1.5 1.5 2 0 0 0 0 0.655
Car -1 -1 -10 474 180 506 200 1.5 1.5 2 0 0 0 0 0.638
Car -1 -1 -10 523 177 537 189 1.5 1.5 2 0 0 0 0 0.590
Car -1 -1 -10 555 174 567 182 1.5 1.5 2 0 0 0 0 0.579
