Car -1 -1 -10 584 184 654 236 1.5 1.5 2 0 0 0 0 0.998
Car -1 -1 -10 286 176 462 254 1.5 1.5 2 0 0 0 0 0.993
Car -1 -1 -10 2 172 100 260 1.5 1.5 2 0 0 0 0 0.987
Car -1 -1 -10 699 182 751 230 1.5 1.5 2 0 0 0 0 0.978
Car -1 -1 -10 415 180 487 242 1.5 1.5 2 0 0 0 0 0.942
Car -1 -1 -10 485 179 543 217 1.5 1.5 2 0 0 0 0 0.889
Car -1 -1 -10 681 176 739 218 1.5 1.5 2 0 0 0 0 0.883
Car -1 -1 -10 268 174 326 206 1.5 1.5 2 0 0 0 0 0.826
Car -1 -1 -10 447 180 515 234 1.5 1.5 2 0 0 0 0 0.786
Car -1 -1 -10 132 166 232 230 1.5 1.5 2 0 0 0 0 0.543
