Car -1 -1 -10 202 176 340 226 1.5 1.5 2 0 0 0 0 0.972
Car -1 -1 -10 432 179 498 213 1.5 1.5 2 0 0 0 0 0.955
Car -1 -1 -10 568 180 620 202 1.5 1.5 2 0 0 0 0 0.880
Car -1 -1 -10 648 178 672 192 1.5 1.5 2 0 0 0 0 0.840
Car -1 -1 -10 503 180 537 200 1.5 1.5 2 0 0 0 0 0.767
Car -1 -1 -10 670 176 690 190 1.5 1.5 2 0 0 0 0 0.704
Car -1 -1 -10 757 176 793 192 1.5 1.5 2 0 0 0 0 0.676
Car -1 -1 -10 635 178 653 190 1.5 1.5 2 0 0 0 0 0.606
Car -1 -1 -10 879 170 905 180 1.5 1.5 2 0 0 0 0 0.585
Car -1 -1 -10 1154 168 1186 180 1.5 1.5 2 0 0 0 0 0.577
Car -1 -1 -10 1122 170 1150 180 1.5 1.5 2 0 0 0 0 0.534
