Car -1 -1 -10 693 187 795 255 1.5 1.5 2 0 0 0 0 0.995
Car -1 -1 -10 783 171 1215 383 1.5 1.5 2 0 0 0 0 0.982
Car -1 -1 -10 8 219 414 369 1.5 1.5 2 0 0 0 0 0.950
Car -1 -1 -10 650 180 684 214 1.5 1.5 2 0 0 0 0 0.924
Car -1 -1 -10 672 178 744 234 1.5 1.5 2 0 0 0 0 0.881
Car -1 -1 -10 324 192 402 222 1.5 1.5 2 0 0 0 0 0.865
Car -1 -1 -10 598 183 618 197 1.5 1.5 2 0 0 0 0 0.790
Car -1 -1 -10 639 182 651 196 1.5 1.5 2 0 0 0 0 0.784
Car -1 -1 -10 1018 258 1232 380 1.5 1.5 2 0 0 0 0 0.609
Car -1 -1 -10 187 193 285 217 1.5 1.5 2 0 0 0 0 0.577
