Car -1 -1 -10 403 186 529 272 1.5 1.5 2 0 0 0 0 0.999
Car -1 -1 -10 249 174 385 248 1.5 1.5 2 0 0 0 0 0.998
Car -1 -1 -10 581 178 647 224 1.5 1.5 2 0 0 0 0 0.997
Car -1 -1 -10 690 177 764 239 1.5 1.5 2 0 0 0 0 0.991
Car -1 -1 -10 5 184 223 352 1.5 1.5 2 0 0 0 0 0.988
Car -1 -1 -10 479 174 547 242 1.5 1.5 2 0 0 0 0 0.953
Car -1 -1 -10 163 176 255 218 1.5 1.5 2 0 0 0 0 0.929
Car -1 -1 -10 548 171 580 195 1.5 1.5 2 0 0 0 0 0.921
Car -1 -1 -10 711 185 825 261 1.5 1.5 2 0 0 0 0 0.914
Car -1 -1 -10 1037 117 1231 375 1.5 1.5 2 0 0 0 0 0.605
