Car -1 -1 -10 446 181 504 211 1.5 1.5 2 0 0 0 0 0.975
Car -1 -1 -10 724 173 740 187 1.5 1.5 2 0 0 0 0 0.942
Car -1 -1 -10 671 168 727 212 1.5 1.5 2 0 0 0 0 0.890
Car -1 -1 -10 1202 155 1236 171 1.5 1.5 2 0 0 0 0 0.890
Car -1 -1 -10 1170 156 1202 174 1.5 1.5 2 0 0 0 0 0.829
Car -1 -1 -10 530 176 558 192 1.5 1.5 2 0 0 0 0 0.736
Car -1 -1 -10 1039 159 1079 177 1.5 1.5 2 0 0 0 0 0.718
Car -1 -1 -10 1136 158 1172 174 1.5 1.5 2 0 0 0 0 0.641
Car -1 -1 -10 1103 158 1139 176 1.5 1.5 2 0 0 0 0 0.578
Car -1 -1 -10 3 165 441 371 1.5 1.5 2 0 0 0 0 0.554
