Car -1 -1 -10 729 189 827 255 1.5 1.5 2 0 0 0 0 0.998
Car -1 -1 -10 587 180 657 236 1.5 1.5 2 0 0 0 0 0.997
Car -1 -1 -10 108 175 372 327 1.5 1.5 2 0 0 0 0 0.997
Car -1 -1 -10 319 179 433 273 1.5 1.5 2 0 0 0 0 0.994
Car -1 -1 -10 410 185 482 249 1.5 1.5 2 0 0 0 0 0.988
Car -1 -1 -10 694 175 760 227 1.5 1.5 2 0 0 0 0 0.970
Car -1 -1 -10 459 179 531 233 1.5 1.5 2 0 0 0 0 0.943
Car -1 -1 -10 515 180 549 206 1.5 1.5 2 0 0 0 0 0.751
Car -1 -1 -10 674 178 704 220 1.5 1.5 2 0 0 0 0 0.640
Car -1 -1 -10 537 179 567 205 1.5 1.5 2 0 0 0 0 0.554
