Car -1 -1 -10 1007 167 1231 239 1.5 1.5 2 0 0 0 0 0.993
Car -1 -1 -10 692 190 796 244 1.5 1.5 2 0 0 0 0 0.983
Car -1 -1 -10 482 185 536 215 1.5 1.5 2 0 0 0 0 0.976
Car -1 -1 -10 898 176 1046 208 1.5 1.5 2 0 0 0 0 0.893
Car -1 -1 -10 667 181 691 197 1.5 1.5 2 0 0 0 0 0.848
Car -1 -1 -10 538 185 560 207 1.5 1.5 2 0 0 0 0 0.829
Car -1 -1 -10 590 184 610 192 1.5 1.5 2 0 0 0 0 0.756
Car -1 -1 -10 550 184 568 200 1.5 1.5 2 0 0 0 0 0.753
Car -1 -1 -10 522 185 546 209 1.5 1.5 2 0 0 0 0 0.746
Car -1 -1 -10 621 182 637 188 1.5 1.5 2 0 0 0 0 0.568
Car -1 -1 -10 681 184 743 228 1.5 1.5 2 0 0 0 0 0.539
