Car -1 -1 -10 588 173 650 211 1.5 1.5 2 0 0 0 0 0.958
Car -1 -1 -10 397 183 459 215 1.5 1.5 2 0 0 0 0 0.948
Car -1 -1 -10 736 171 754 189 1.5 1.5 2 0 0 0 0 0.937
Car -1 -1 -10 1201 155 1237 171 1.5 1.5 2 0 0 0 0 0.914
Car -1 -1 -10 1171 157 1201 173 1.5 1.5 2 0 0 0 0 0.842
Car -1 -1 -10 695 170 737 202 1.5 1.5 2 0 0 0 0 0.726
Car -1 -1 -10 1039 160 1079 176 1.5 1.5 2 0 0 0 0 0.713
Car -1 -1 -10 506 181 536 199 1.5 1.5 2 0 0 0 0 0.622
Car -1 -1 -10 294 192 318 206 1.5 1.5 2 0 0 0 0 0.614
Car -1 -1 -10 1136 158 1172 174 1.5 1.5 2 0 0 0 0 0.600
Car -1 -1 -10 685 174 699 188 1.5 1.5 2 0 0 0 0 0.590
