Car -1 -1 -10 4 166 202 360 1.5 1.5 2 0 0 0 0 0.996
Car -1 -1 -10 161 191 257 291 1.5 1.5 2 0 0 0 0 0.990
Car -1 -1 -10 727 184 884 288 1.5 1.5 2 0 0 0 0 0.971
Car -1 -1 -10 296 178 456 232 1.5 1.5 2 0 0 0 0 0.940
Car -1 -1 -10 419 181 485 221 1.5 1.5 2 0 0 0 0 0.892
Car -1 -1 -10 447 175 517 213 1.5 1.5 2 0 0 0 0 0.858
Car -1 -1 -10 645 179 687 207 1.5 1.5 2 0 0 0 0 0.726
Car -1 -1 -10 565 173 589 187 1.5 1.5 2 0 0 0 0 0.691
Car -1 -1 -10 795 205 1002 343 1.5 1.5 2 0 0 0 0 0.590
Car -1 -1 -10 622 176 638 186 1.5 1.5 2 0 0 0 0 0.572
