Car -1 -1 -10 443 172 615 276 1.5 1.5 2 0 0 0 0 0.992
Car -1 -1 -10 398 183 458 217 1.5 1.5 2 0 0 0 0 0.973
Car -1 -1 -10 733 172 753 186 1.5 1.5 2 0 0 0 0 0.948
Car -1 -1 -10 683 173 707 189 1.5 1.5 2 0 0 0 0 0.916
Car -1 -1 -10 1201 155 1237 171 1.5 1.5 2 0 0 0 0 0.903
Car -1 -1 -10 4 196 182 266 1.5 1.5 2 0 0 0 0 0.833
Car -1 -1 -10 717 173 729 183 1.5 1.5 2 0 0 0 0 0.829
Car -1 -1 -10 1170 156 1202 174 1.5 1.5 2 0 0 0 0 0.826
Car -1 -1 -10 1039 160 1079 178 1.5 1.5 2 0 0 0 0 0.691
Car -1 -1 -10 1136 158 1172 174 1.5 1.5 2 0 0 0 0 0.621
Car -1 -1 -10 295 192 317 206 1.5 1.5 2 0 0 0 0 0.578
Car -1 -1 -10 1104 158 1140 176 1.5 1.5 2 0 0 0 0 0.532
