Car -1 -1 -10 591 179 643 213 1.5 1.5 2 0 0 0 0 0.978
Car -1 -1 -10 277 188 473 316 1.5 1.5 2 0 0 0 0 0.964
Car -1 -1 -10 702 175 716 187 1.5 1.5 2 0 0 0 0 0.948
Car -1 -1 -10 689 176 701 188 1.5 1.5 2 0 0 0 0 0.852
Car -1 -1 -10 653 176 679 204 1.5 1.5 2 0 0 0 0 0.834
Car -1 -1 -10 666 177 703 201 1.5 1.5 2 0 0 0 0 0.784
Car -1 -1 -10 423 173 483 211 1.5 1.5 2 0 0 0 0 0.698
Car -1 -1 -10 758 174 786 190 1.5 1.5 2 0 0 0 0 0.668
Car -1 -1 -10 608 176 656 208 1.5 1.5 2 0 0 0 0 0.646
Car -1 -1 -10 736 174 750 182 1.5 1.5 2 0 0 0 0 0.548
