Car -1 -1 -10 504 183 644 263 1.5 1.5 2 0 0 0 0 0.996
Car -1 -1 -10 -140 216 100 376 1.5 1.5 2 0 0 0 0 0.991
Car -1 -1 -10 402 180 468 216 1.5 1.5 2 0 0 0 0 0.988
Car -1 -1 -10 1119 153 1241 237 1.5 1.5 2 0 0 0 0 0.978
Car -1 -1 -10 27 205 159 293 1.5 1.5 2 0 0 0 0 0.972
Car -1 -1 -10 657 141 1101 361 1.5 1.5 2 0 0 0 0 0.954
Car -1 -1 -10 223 187 273 213 1.5 1.5 2 0 0 0 0 0.950
Car -1 -1 -10 595 166 683 200 1.5 1.5 2 0 0 0 0 0.922
Car -1 -1 -10 309 183 327 193 1.5 1.5 2 0 0 0 0 0.816
Car -1 -1 -10 271 185 291 199 1.5 1.5 2 0 0 0 0 0.747
Car -1 -1 -10 261 186 285 204 1.5 1.5 2 0 0 0 0 0.704
Car -1 -1 -10 385 176 409 192 1.5 1.5 2 0 0 0 0 0.614
Car -1 -1 -10 560 173 596 187 1.5 1.5 2 0 0 0 0 0.552
