Car -1 -1 -10 720 190 824 252 1.5 1.5 2 0 0 0 0 0.986
Car -1 -1 -10 1021 168 1247 240 1.5 1.5 2 0 0 0 0 0.985
Car -1 -1 -10 696 179 758 231 1.5 1.5 2 0 0 0 0 0.981
Car -1 -1 -10 924 173 1082 209 1.5 1.5 2 0 0 0 0 0.955
Car -1 -1 -10 482 182 540 216 1.5 1.5 2 0 0 0 0 0.900
Car -1 -1 -10 551 183 569 203 1.5 1.5 2 0 0 0 0 0.888
Car -1 -1 -10 603 182 623 190 1.5 1.5 2 0 0 0 0 0.866
Car -1 -1 -10 676 176 704 194 1.5 1.5 2 0 0 0 0 0.748
Car -1 -1 -10 520 182 546 208 1.5 1.5 2 0 0 0 0 0.681
Car -1 -1 -10 538 185 560 207 1.5 1.5 2 0 0 0 0 0.663
Car -1 -1 -10 637 178 647 184 1.5 1.5 2 0 0 0 0 0.607
