Car -1 -1 -10 760 181 1026 343 1.5 1.5 2 0 0 0 0 0.999
Car -1 -1 -10 697 186 787 258 1.5 1.5 2 0 0 0 0 0.985
Car -1 -1 -10 400 190 530 256 1.5 1.5 2 0 0 0 0 0.980
Car -1 -1 -10 644 171 670 195 1.5 1.5 2 0 0 0 0 0.844
Car -1 -1 -10 589 176 607 190 1.5 1.5 2 0 0 0 0 0.788
Car -1 -1 -10 663 182 695 208 1.5 1.5 2 0 0 0 0 0.775
Car -1 -1 -10 673 187 725 233 1.5 1.5 2 0 0 0 0 0.726
Car -1 -1 -10 535 182 576 208 1.5 1.5 2 0 0 0 0 0.704
Car -1 -1 -10 484 179 540 235 1.5 1.5 2 0 0 0 0 0.625
Car -1 -1 -10 529 182 567 218 1.5 1.5 2 0 0 0 0 0.586
