Car -1 -1 -10 890 172 1188 348 1.5 1.5 2 0 0 0 0 0.999
Car -1 -1 -10 580 177 704 291 1.5 1.5 2 0 0 0 0 0.998
Car -1 -1 -10 133 188 279 248 1.5 1.5 2 0 0 0 0 0.995
Car -1 -1 -10 709 173 801 217 1.5 1.5 2 0 0 0 0 0.987
Car -1 -1 -10 3 186 117 284 1.5 1.5 2 0 0 0 0 0.979
Car -1 -1 -10 269 177 337 213 1.5 1.5 2 0 0 0 0 0.937
Car -1 -1 -10 466 178 498 198 1.5 1.5 2 0 0 0 0 0.878
Car -1 -1 -10 437 182 471 204 1.5 1.5 2 0 0 0 0 0.718
Car -1 -1 -10 685 178 709 200 1.5 1.5 2 0 0 0 0 0.531
Car -1 -1 -10 357 177 417 203 1.5 1.5 2 0 0 0 0 0.511
