Car -1 -1 -10 440 177 564 235 1.5 1.5 2 0 0 0 0 0.992
Car -1 -1 -10 333 182 433 220 1.5 1.5 2 0 0 0 0 0.983
Car -1 -1 -10 46 193 142 253 1.5 1.5 2 0 0 0 0 0.945
Car -1 -1 -10 1202 155 1236 171 1.5 1.5 2 0 0 0 0 0.902
Car -1 -1 -10 705 173 717 185 1.5 1.5 2 0 0 0 0 0.893
Car -1 -1 -10 606 158 696 232 1.5 1.5 2 0 0 0 0 0.855
Car -1 -1 -10 3 163 111 361 1.5 1.5 2 0 0 0 0 0.852
Car -1 -1 -10 1170 156 1202 174 1.5 1.5 2 0 0 0 0 0.813
Car -1 -1 -10 1039 159 1079 177 1.5 1.5 2 0 0 0 0 0.723
Car -1 -1 -10 692 175 702 185 1.5 1.5 2 0 0 0 0 0.691
Car -1 -1 -10 722 167 756 193 1.5 1.5 2 0 0 0 0 0.629
Car -1 -1 -10 1136 158 1172 174 1.5 1.5 2 0 0 0 0 0.620
Car -1 -1 -10 1103 159 1141 175 1.5 1.5 2 0 0 0 0 0.572
Car -1 -1 -10 294 192 318 206 1.5 1.5 2 0 0 0 0 0.510
