Car -1 -1 -10 448 184 546 240 1.5 1.5 2 0 0 0 0 0.996
Car -1 -1 -10 773 183 915 277 1.5 1.5 2 0 0 0 0 0.995
Car -1 -1 -10 41 193 395 369 1.5 1.5 2 0 0 0 0 0.991
Car -1 -1 -10 743 180 815 242 1.5 1.5 2 0 0 0 0 0.989
Car -1 -1 -10 714 177 768 223 1.5 1.5 2 0 0 0 0 0.948
Car -1 -1 -10 328 186 366 200 1.5 1.5 2 0 0 0 0 0.913
Car -1 -1 -10 579 180 623 204 1.5 1.5 2 0 0 0 0 0.858
Car -1 -1 -10 679 175 709 195 1.5 1.5 2 0 0 0 0 0.815
Car -1 -1 -10 522 178 581 216 1.5 1.5 2 0 0 0 0 0.801
Car -1 -1 -10 499 182 559 222 1.5 1.5 2 0 0 0 0 0.642
Car -1 -1 -10 443 186 459 196 1.5 1.5 2 0 0 0 0 0.526
