Car -1 -1 -10 550 180 600 218 1.5 1.5 2 0 0 0 0 0.995
Car -1 -1 -10 282 189 520 341 1.5 1.5 2 0 0 0 0 0.995
Car -1 -1 -10 659 182 735 240 1.5 1.5 2 0 0 0 0 0.988
Car -1 -1 -10 -30 243 408 375 1.5 1.5 2 0 0 0 0 0.987
Car -1 -1 -10 640 183 694 219 1.5 1.5 2 0 0 0 0 0.903
Car -1 -1 -10 210 181 340 251 1.5 1.5 2 0 0 0 0 0.859
Car -1 -1 -10 320 179 356 199 1.5 1.5 2 0 0 0 0 0.857
Car -1 -1 -10 614 183 644 209 1.5 1.5 2 0 0 0 0 0.849
Car -1 -1 -10 85 186 229 228 1.5 1.5 2 0 0 0 0 0.811
Car -1 -1 -10 482 179 520 211 1.5 1.5 2 0 0 0 0 0.641
Car -1 -1 -10 515 180 543 200 1.5 1.5 2 0 0 0 0 0.604
Car -1 -1 -10 539 176 557 192 1.5 1.5 2 0 0 0 0 0.593
