Car -1 -1 -10 841 170 1105 322 1.5 1.5 2 0 0 0 0 0.999
Car -1 -1 -10 575 175 699 283 1.5 1.5 2 0 0 0 0 0.998
Car -1 -1 -10 -3 183 151 283 1.5 1.5 2 0 0 0 0 0.986
Car -1 -1 -10 164 190 304 244 1.5 1.5 2 0 0 0 0 0.973
Car -1 -1 -10 698 175 790 215 1.5 1.5 2 0 0 0 0 0.944
Car -1 -1 -10 282 177 348 209 1.5 1.5 2 0 0 0 0 0.928
Car -1 -1 -10 463 176 503 196 1.5 1.5 2 0 0 0 0 0.845
Car -1 -1 -10 408 179 460 207 1.5 1.5 2 0 0 0 0 0.634
Car -1 -1 -10 680 177 704 199 1.5 1.5 2 0 0 0 0 0.630
Car -1 -1 -10 369 177 433 205 1.5 1.5 2 0 0 0 0 0.501
