Car -1 -1 -10 -2 197 304 385 1.5 1.5 2 0 0 0 0 0.995
Car -1 -1 -10 412 189 474 233 1.5 1.5 2 0 0 0 0 0.985
Car -1 -1 -10 646 178 736 238 1.5 1.5 2 0 0 0 0 0.977
Car -1 -1 -10 453 179 503 213 1.5 1.5 2 0 0 0 0 0.814
Car -1 -1 -10 621 178 661 214 1.5 1.5 2 0 0 0 0 0.740
Car -1 -1 -10 603 177 625 199 1.5 1.5 2 0 0 0 0 0.710
Car -1 -1 -10 505 181 525 199 1.5 1.5 2 0 0 0 0 0.694
Car -1 -1 -10 585 178 601 190 1.5 1.5 2 0 0 0 0 0.633
Car -1 -1 -10 474 184 509 206 1.5 1.5 2 0 0 0 0 0.618
Car -1 -1 -10 518 182 538 196 1.5 1.5 2 0 0 0 0 0.519
