Car -1 -1 -10 828 219 1238 369 1.5 1.5 2 0 0 0 0 0.999
Car -1 -1 -10 428 186 508 238 1.5 1.5 2 0 0 0 0 0.992
Car -1 -1 -10 1 206 243 376 1.5 1.5 2 0 0 0 0 0.989
Car -1 -1 -10 909 171 1039 229 1.5 1.5 2 0 0 0 0 0.955
Car -1 -1 -10 342 182 468 266 1.5 1.5 2 0 0 0 0 0.942
Car -1 -1 -10 1136 170 1240 258 1.5 1.5 2 0 0 0 0 0.929
Car -1 -1 -10 978 165 1158 227 1.5 1.5 2 0 0 0 0 0.882
Car -1 -1 -10 794 157 948 227 1.5 1.5 2 0 0 0 0 0.744
Car -1 -1 -10 174 156 444 340 1.5 1.5 2 0 0 0 0 0.718
Car -1 -1 -10 782 157 870 209 1.5 1.5 2 0 0 0 0 0.674
