Car -1 -1 -10 230 202 372 282 1.5 1.5 2 0 0 0 0 0.998
Car -1 -1 -10 371 192 465 242 1.5 1.5 2 0 0 0 0 0.996
Car -1 -1 -10 1096 144 1236 246 1.5 1.5 2 0 0 0 0 0.994
Car -1 -1 -10 709 182 817 246 1.5 1.5 2 0 0 0 0 0.975
Car -1 -1 -10 928 147 1080 233 1.5 1.5 2 0 0 0 0 0.942
Car -1 -1 -10 642 175 674 203 1.5 1.5 2 0 0 0 0 0.808
Car -1 -1 -10 584 176 614 190 1.5 1.5 2 0 0 0 0 0.786
Car -1 -1 -10 1 213 231 371 1.5 1.5 2 0 0 0 0 0.771
Car -1 -1 -10 438 186 488 226 1.5 1.5 2 0 0 0 0 0.736
Car -1 -1 -10 680 179 742 233 1.5 1.5 2 0 0 0 0 0.724
Car -1 -1 -10 1029 135 1179 223 1.5 1.5 2 0 0 0 0 0.701
Car -1 -1 -10 881 158 993 202 1.5 1.5 2 0 0 0 0 0.591
Car -1 -1 -10 483 184 523 210 1.5 1.5 2 0 0 0 0 0.587
