Car -1 -1 -10 370 185 462 273 1.5 1.5 2 0 0 0 0 0.996
Car -1 -1 -10 769 150 1077 334 1.5 1.5 2 0 0 0 0 0.995
Car -1 -1 -10 1042 291 1250 375 1.5 1.5 2 0 0 0 0 0.988
Car -1 -1 -10 146 175 386 377 1.5 1.5 2 0 0 0 0 0.984
Car -1 -1 -10 473 176 519 216 1.5 1.5 2 0 0 0 0 0.974
Car -1 -1 -10 1 178 189 380 1.5 1.5 2 0 0 0 0 0.949
Car -1 -1 -10 498 176 540 204 1.5 1.5 2 0 0 0 0 0.885
Car -1 -1 -10 525 175 552 193 1.5 1.5 2 0 0 0 0 0.814
Car -1 -1 -10 526 174 544 194 1.5 1.5 2 0 0 0 0 0.602
Car -1 -1 -10 599 174 621 188 1.5 1.5 2 0 0 0 0 0.594
