Car -1 -1 -10 792 166 1150 264 1.5 1.5 2 0 0 0 0 0.996
Car -1 -1 -10 380 187 460 243 1.5 1.5 2 0 0 0 0 0.996
Car -1 -1 -10 479 179 547 235 1.5 1.5 2 0 0 0 0 0.983
Car -1 -1 -10 789 151 925 197 1.5 1.5 2 0 0 0 0 0.960
Car -1 -1 -10 592 175 626 203 1.5 1.5 2 0 0 0 0 0.898
Car -1 -1 -10 1162 147 1240 185 1.5 1.5 2 0 0 0 0 0.881
Car -1 -1 -10 1085 145 1215 181 1.5 1.5 2 0 0 0 0 0.825
Car -1 -1 -10 619 178 643 200 1.5 1.5 2 0 0 0 0 0.804
Car -1 -1 -10 549 174 571 188 1.5 1.5 2 0 0 0 0 0.801
Car -1 -1 -10 424 185 489 227 1.5 1.5 2 0 0 0 0 0.762
Car -1 -1 -10 641 174 689 202 1.5 1.5 2 0 0 0 0 0.673
