Car -1 -1 -10 1020 185 1182 233 1.5 1.5 2 0 0 0 0 0.978
Car -1 -1 -10 187 203 263 233 1.5 1.5 2 0 0 0 0 0.974
Car -1 -1 -10 568 180 722 282 1.5 1.5 2 0 0 0 0 0.963
Car -1 -1 -10 271 196 339 232 1.5 1.5 2 0 0 0 0 0.957
Car -1 -1 -10 378 195 424 219 1.5 1.5 2 0 0 0 0 0.784
Car -1 -1 -10 420 191 444 207 1.5 1.5 2 0 0 0 0 0.712
Car -1 -1 -10 351 191 377 211 1.5 1.5 2 0 0 0 0 0.701
Car -1 -1 -10 458 189 474 197 1.5 1.5 2 0 0 0 0 0.646
Car -1 -1 -10 440 190 456 202 1.5 1.5 2 0 0 0 0 0.575
Car -1 -1 -10 1237 193 1291 229 1.5 1.5 2 0 0 0 0 0.547
