Car -1 -1 -10 153 179 253 217 1.5 1.5 2 0 0 0 0 0.999
Car -1 -1 -10 379 185 521 283 1.5 1.5 2 0 0 0 0 0.997
Car -1 -1 -10 -115 195 120 351 1.5 1.5 2 0 0 0 0 0.995
Car -1 -1 -10 554 176 606 214 1.5 1.5 2 0 0 0 0 0.995
Car -1 -1 -10 174 203 468 383 1.5 1.5 2 0 0 0 0 0.994
Car -1 -1 -10 643 177 713 227 1.5 1.5 2 0 0 0 0 0.992
Car -1 -1 -10 289 177 385 215 1.5 1.5 2 0 0 0 0 0.893
Car -1 -1 -10 615 179 639 203 1.5 1.5 2 0 0 0 0 0.814
Car -1 -1 -10 500 170 528 190 1.5 1.5 2 0 0 0 0 0.614
Car -1 -1 -10 539 173 555 187 1.5 1.5 2 0 0 0 0 0.553
Car -1 -1 -10 519 172 541 190 1.5 1.5 2 0 0 0 0 0.548
Car -1 -1 -10 634 177 682 209 1.5 1.5 2 0 0 0 0 0.524
