Car -1 -1 -10 1033 203 1239 351 1.5 1.5 2 0 0 0 0 0.997
Car -1 -1 -10 930 174 1142 298 1.5 1.5 2 0 0 0 0 0.989
Car -1 -1 -10 3 195 175 351 1.5 1.5 2 0 0 0 0 0.987
Car -1 -1 -10 734 183 892 243 1.5 1.5 2 0 0 0 0 0.984
Car -1 -1 -10 99 185 345 317 1.5 1.5 2 0 0 0 0 0.982
Car -1 -1 -10 193 191 367 271 1.5 1.5 2 0 0 0 0 0.944
Car -1 -1 -10 633 183 679 213 1.5 1.5 2 0 0 0 0 0.920
Car -1 -1 -10 382 186 442 234 1.5 1.5 2 0 0 0 0 0.912
Car -1 -1 -10 422 178 504 218 1.5 1.5 2 0 0 0 0 0.859
Car -1 -1 -10 -2 227 72 373 1.5 1.5 2 0 0 0 0 0.752
Car -1 -1 -10 254 179 424 247 1.5 1.5 2 0 0 0 0 0.668
