Car -1 -1 -10 -1 194 333 384 1.5 1.5 2 0 0 0 0 0.993
Car -1 -1 -10 468 178 504 202 1.5 1.5 2 0 0 0 0 0.953
Car -1 -1 -10 631 164 721 196 1.5 1.5 2 0 0 0 0 0.935
Car -1 -1 -10 589 172 609 188 1.5 1.5 2 0 0 0 0 0.856
Car -1 -1 -10 523 176 539 186 1.5 1.5 2 0 0 0 0 0.846
Car -1 -1 -10 552 173 574 187 1.5 1.5 2 0 0 0 0 0.718
Car -1 -1 -10 506 178 518 188 1.5 1.5 2 0 0 0 0 0.701
Car -1 -1 -10 843 155 905 175 1.5 1.5 2 0 0 0 0 0.672
Car -1 -1 -10 491 177 509 191 1.5 1.5 2 0 0 0 0 0.639
Car -1 -1 -10 764 155 794 171 1.5 1.5 2 0 0 0 0 0.621
Car -1 -1 -10 571 172 587 186 1.5 1.5 2 0 0 0 0 0.614
Car -1 -1 -10 542 175 554 185 1.5 1.5 2 0 0 0 0 0.563
