Car -1 -1 -10 774 201 970 297 1.5 1.5 2 0 0 0 0 0.999
Car -1 -1 -10 191 184 413 306 1.5 1.5 2 0 0 0 0 0.996
Car -1 -1 -10 590 184 660 236 1.5 1.5 2 0 0 0 0 0.996
Car -1 -1 -10 5 186 267 368 1.5 1.5 2 0 0 0 0 0.995
Car -1 -1 -10 386 177 508 253 1.5 1.5 2 0 0 0 0 0.976
Car -1 -1 -10 481 178 549 218 1.5 1.5 2 0 0 0 0 0.941
Car -1 -1 -10 724 179 826 249 1.5 1.5 2 0 0 0 0 0.912
Car -1 -1 -10 682 177 738 209 1.5 1.5 2 0 0 0 0 0.831
Car -1 -1 -10 613 175 641 187 1.5 1.5 2 0 0 0 0 0.547
Car -1 -1 -10 532 181 562 211 1.5 1.5 2 0 0 0 0 0.534
