Car -1 -1 -10 4 211 164 341 1.5 1.5 2 0 0 0 0 0.994
Car -1 -1 -10 594 185 688 265 1.5 1.5 2 0 0 0 0 0.987
Car -1 -1 -10 323 188 411 226 1.5 1.5 2 0 0 0 0 0.954
Car -1 -1 -10 474 183 522 213 1.5 1.5 2 0 0 0 0 0.938
Car -1 -1 -10 726 179 852 241 1.5 1.5 2 0 0 0 0 0.937
Car -1 -1 -10 208 187 290 227 1.5 1.5 2 0 0 0 0 0.904
Car -1 -1 -10 552 182 576 200 1.5 1.5 2 0 0 0 0 0.894
Car -1 -1 -10 519 182 547 202 1.5 1.5 2 0 0 0 0 0.840
Car -1 -1 -10 119 202 183 256 1.5 1.5 2 0 0 0 0 0.728
Car -1 -1 -10 588 185 606 199 1.5 1.5 2 0 0 0 0 0.641
Car -1 -1 -10 389 183 441 217 1.5 1.5 2 0 0 0 0 0.629
Car -1 -1 -10 691 180 745 216 1.5 1.5 2 0 0 0 0 0.603
