Car -1 -1 -10 825 211 1259 369 1.5 1.5 2 0 0 0 0 0.997
Car -1 -1 -10 533 173 657 247 1.5 1.5 2 0 0 0 0 0.997
Car -1 -1 -10 -2 189 324 367 1.5 1.5 2 0 0 0 0 0.995
Car -1 -1 -10 806 180 932 290 1.5 1.5 2 0 0 0 0 0.989
Car -1 -1 -10 793 167 825 193 1.5 1.5 2 0 0 0 0 0.849
Car -1 -1 -10 647 172 679 206 1.5 1.5 2 0 0 0 0 0.840
Car -1 -1 -10 679 168 709 192 1.5 1.5 2 0 0 0 0 0.815
Car -1 -1 -10 907 162 967 196 1.5 1.5 2 0 0 0 0 0.734
Car -1 -1 -10 681 156 729 190 1.5 1.5 2 0 0 0 0 0.728
Car -1 -1 -10 1061 139 1177 199 1.5 1.5 2 0 0 0 0 0.698
Car -1 -1 -10 936 150 1072 200 1.5 1.5 2 0 0 0 0 0.636
