Car -1 -1 -10 17 165 387 381 1.5 1.5 2 0 0 0 0 0.999
Car -1 -1 -10 397 182 509 262 1.5 1.5 2 0 0 0 0 0.998
Car -1 -1 -10 727 175 845 255 1.5 1.5 2 0 0 0 0 0.924
Car -1 -1 -10 551 171 569 189 1.5 1.5 2 0 0 0 0 0.899
Car -1 -1 -10 0 251 100 375 1.5 1.5 2 0 0 0 0 0.854
Car -1 -1 -10 687 168 767 228 1.5 1.5 2 0 0 0 0 0.740
Car -1 -1 -10 494 177 544 209 1.5 1.5 2 0 0 0 0 0.736
Car -1 -1 -10 532 177 556 201 1.5 1.5 2 0 0 0 0 0.625
Car -1 -1 -10 524 174 546 192 1.5 1.5 2 0 0 0 0 0.550
Car -1 -1 -10 475 175 527 221 1.5 1.5 2 0 0 0 0 0.527
