Car -1 -1 -10 974 193 1236 351 1.5 1.5 2 0 0 0 0 0.998
Car -1 -1 -10 -105 185 151 355 1.5 1.5 2 0 0 0 0 0.998
Car -1 -1 -10 913 189 1071 293 1.5 1.5 2 0 0 0 0 0.994
Car -1 -1 -10 817 189 979 277 1.5 1.5 2 0 0 0 0 0.994
Car -1 -1 -10 1184 242 1380 372 1.5 1.5 2 0 0 0 0 0.993
Car -1 -1 -10 94 171 326 277 1.5 1.5 2 0 0 0 0 0.992
Car -1 -1 -10 761 178 891 252 1.5 1.5 2 0 0 0 0 0.973
Car -1 -1 -10 629 182 681 216 1.5 1.5 2 0 0 0 0 0.958
Car -1 -1 -10 353 180 479 208 1.5 1.5 2 0 0 0 0 0.856
Car -1 -1 -10 517 176 541 192 1.5 1.5 2 0 0 0 0 0.701
Car -1 -1 -10 615 178 637 200 1.5 1.5 2 0 0 0 0 0.668
Car -1 -1 -10 419 181 485 205 1.5 1.5 2 0 0 0 0 0.608
