Car -1 -1 -10 378 196 496 270 1.5 1.5 2 0 0 0 0 0.999
Car -1 -1 -10 34 200 284 340 1.5 1.5 2 0 0 0 0 0.995
Car -1 -1 -10 268 195 378 281 1.5 1.5 2 0 0 0 0 0.994
Car -1 -1 -10 1121 150 1241 260 1.5 1.5 2 0 0 0 0 0.958
Car -1 -1 -10 417 168 530 242 1.5 1.5 2 0 0 0 0 0.943
Car -1 -1 -10 538 185 564 203 1.5 1.5 2 0 0 0 0 0.901
Car -1 -1 -10 629 178 699 208 1.5 1.5 2 0 0 0 0 0.884
Car -1 -1 -10 615 180 641 204 1.5 1.5 2 0 0 0 0 0.765
Car -1 -1 -10 370 189 432 233 1.5 1.5 2 0 0 0 0 0.584
Car -1 -1 -10 547 182 569 200 1.5 1.5 2 0 0 0 0 0.548
