Car -1 -1 -10 10 178 416 372 1.5 1.5 2 0 0 0 0 0.997
Car -1 -1 -10 435 182 483 212 1.5 1.5 2 0 0 0 0 0.938
Car -1 -1 -10 676 172 708 192 1.5 1.5 2 0 0 0 0 0.924
Car -1 -1 -10 1202 155 1236 171 1.5 1.5 2 0 0 0 0 0.911
Car -1 -1 -10 732 170 754 188 1.5 1.5 2 0 0 0 0 0.884
Car -1 -1 -10 1170 156 1202 174 1.5 1.5 2 0 0 0 0 0.849
Car -1 -1 -10 1039 159 1079 177 1.5 1.5 2 0 0 0 0 0.709
Car -1 -1 -10 723 173 733 183 1.5 1.5 2 0 0 0 0 0.675
Car -1 -1 -10 1136 158 1172 174 1.5 1.5 2 0 0 0 0 0.665
Car -1 -1 -10 1104 159 1140 175 1.5 1.5 2 0 0 0 0 0.584
Car -1 -1 -10 518 180 552 198 1.5 1.5 2 0 0 0 0 0.561
