Car -1 -1 -10 707 195 873 295 1.5 1.5 2 0 0 0 0 0.998
Car -1 -1 -10 490 191 548 235 1.5 1.5 2 0 0 0 0 0.992
Car -1 -1 -10 689 192 763 254 1.5 1.5 2 0 0 0 0 0.987
Car -1 -1 -10 346 201 488 295 1.5 1.5 2 0 0 0 0 0.977
Car -1 -1 -10 633 182 657 204 1.5 1.5 2 0 0 0 0 0.976
Car -1 -1 -10 573 185 587 197 1.5 1.5 2 0 0 0 0 0.936
Car -1 -1 -10 42 215 440 377 1.5 1.5 2 0 0 0 0 0.900
Car -1 -1 -10 535 187 567 213 1.5 1.5 2 0 0 0 0 0.843
Car -1 -1 -10 663 184 721 236 1.5 1.5 2 0 0 0 0 0.796
Car -1 -1 -10 653 176 707 222 1.5 1.5 2 0 0 0 0 0.766
Car -1 -1 -10 619 183 641 197 1.5 1.5 2 0 0 0 0 0.554
Car -1 -1 -10 608 182 618 188 1.5 1.5 2 0 0 0 0 0.554
