Car -1 -1 -10 400 193 468 231 1.5 1.5 2 0 0 0 0 0.980
Car -1 -1 -10 1 211 73 245 1.5 1.5 2 0 0 0 0 0.896
Car -1 -1 -10 483 184 517 210 1.5 1.5 2 0 0 0 0 0.864
Car -1 -1 -10 68 206 176 238 1.5 1.5 2 0 0 0 0 0.853
Car -1 -1 -10 646 177 710 211 1.5 1.5 2 0 0 0 0 0.818
Car -1 -1 -10 158 204 240 238 1.5 1.5 2 0 0 0 0 0.816
Car -1 -1 -10 445 191 493 223 1.5 1.5 2 0 0 0 0 0.589
Car -1 -1 -10 1013 138 1117 178 1.5 1.5 2 0 0 0 0 0.587
Car -1 -1 -10 538 184 556 196 1.5 1.5 2 0 0 0 0 0.569
Car -1 -1 -10 574 181 592 189 1.5 1.5 2 0 0 0 0 0.503
