Car -1 -1 -10 786 189 1098 343 1.5 1.5 2 0 0 0 0 0.999
Car -1 -1 -10 723 179 855 267 1.5 1.5 2 0 0 0 0 0.993
Car -1 -1 -10 680 182 740 228 1.5 1.5 2 0 0 0 0 0.988
Car -1 -1 -10 196 201 382 285 1.5 1.5 2 0 0 0 0 0.987
Car -1 -1 -10 -3 226 165 362 1.5 1.5 2 0 0 0 0 0.987
Car -1 -1 -10 1054 154 1244 268 1.5 1.5 2 0 0 0 0 0.933
Car -1 -1 -10 448 183 504 219 1.5 1.5 2 0 0 0 0 0.875
Car -1 -1 -10 650 178 682 208 1.5 1.5 2 0 0 0 0 0.819
Car -1 -1 -10 365 188 445 254 1.5 1.5 2 0 0 0 0 0.816
Car -1 -1 -10 19 181 131 217 1.5 1.5 2 0 0 0 0 0.516
