Car -1 -1 -10 939 193 1181 333 1.5 1.5 2 0 0 0 0 0.999
Car -1 -1 -10 1105 202 1241 378 1.5 1.5 2 0 0 0 0 0.996
Car -1 -1 -10 888 187 1028 281 1.5 1.5 2 0 0 0 0 0.994
Car -1 -1 -10 799 188 935 268 1.5 1.5 2 0 0 0 0 0.993
Car -1 -1 -10 8 185 202 341 1.5 1.5 2 0 0 0 0 0.988
Car -1 -1 -10 630 180 680 214 1.5 1.5 2 0 0 0 0 0.969
Car -1 -1 -10 752 179 868 243 1.5 1.5 2 0 0 0 0 0.961
Car -1 -1 -10 135 168 355 280 1.5 1.5 2 0 0 0 0 0.961
Car -1 -1 -10 -1 231 71 363 1.5 1.5 2 0 0 0 0 0.892
Car -1 -1 -10 355 181 481 209 1.5 1.5 2 0 0 0 0 0.820
Car -1 -1 -10 348 182 480 238 1.5 1.5 2 0 0 0 0 0.705
Car -1 -1 -10 520 176 540 192 1.5 1.5 2 0 0 0 0 0.669
Car -1 -1 -10 613 175 641 195 1.5 1.5 2 0 0 0 0 0.537
Car -1 -1 -10 436 180 492 206 1.5 1.5 2 0 0 0 0 0.516
