Car -1 -1 -10 697 183 991 349 1.5 1.5 2 0 0 0 0 0.999
Car -1 -1 -10 608 173 722 259 1.5 1.5 2 0 0 0 0 0.995
Car -1 -1 -10 297 186 380 240 1.5 1.5 2 0 0 0 0 0.986
Car -1 -1 -10 1087 172 1388 372 1.5 1.5 2 0 0 0 0 0.981
Car -1 -1 -10 12 192 266 338 1.5 1.5 2 0 0 0 0 0.933
Car -1 -1 -10 236 184 336 272 1.5 1.5 2 0 0 0 0 0.926
Car -1 -1 -10 573 179 655 233 1.5 1.5 2 0 0 0 0 0.724
Car -1 -1 -10 482 171 516 205 1.5 1.5 2 0 0 0 0 0.568
Car -1 -1 -10 527 179 575 211 1.5 1.5 2 0 0 0 0 0.567
Car -1 -1 -10 504 173 522 185 1.5 1.5 2 0 0 0 0 0.520
Car -1 -1 -10 475 172 485 180 1.5 1.5 2 0 0 0 0 0.506
