Car -1 -1 -10 272 191 490 343 1.5 1.5 2 0 0 0 0 0.998
Car -1 -1 -10 658 182 718 230 1.5 1.5 2 0 0 0 0 0.994
Car -1 -1 -10 496 191 552 231 1.5 1.5 2 0 0 0 0 0.984
Car -1 -1 -10 546 185 580 207 1.5 1.5 2 0 0 0 0 0.962
Car -1 -1 -10 721 184 863 304 1.5 1.5 2 0 0 0 0 0.962
Car -1 -1 -10 756 200 1238 386 1.5 1.5 2 0 0 0 0 0.952
Car -1 -1 -10 634 180 677 208 1.5 1.5 2 0 0 0 0 0.873
Car -1 -1 -10 640 181 694 217 1.5 1.5 2 0 0 0 0 0.824
Car -1 -1 -10 589 183 601 195 1.5 1.5 2 0 0 0 0 0.606
Car -1 -1 -10 608 182 620 190 1.5 1.5 2 0 0 0 0 0.561
