Car -1 -1 -10 -5 188 187 348 1.5 1.5 2 0 0 0 0 0.998
Car -1 -1 -10 32 172 300 302 1.5 1.5 2 0 0 0 0 0.994
Car -1 -1 -10 775 179 879 241 1.5 1.5 2 0 0 0 0 0.975
Car -1 -1 -10 720 173 794 221 1.5 1.5 2 0 0 0 0 0.967
Car -1 -1 -10 799 202 1103 376 1.5 1.5 2 0 0 0 0 0.967
Car -1 -1 -10 859 171 1137 261 1.5 1.5 2 0 0 0 0 0.958
Car -1 -1 -10 286 171 402 243 1.5 1.5 2 0 0 0 0 0.926
Car -1 -1 -10 444 172 520 210 1.5 1.5 2 0 0 0 0 0.866
Car -1 -1 -10 314 164 440 224 1.5 1.5 2 0 0 0 0 0.843
Car -1 -1 -10 146 173 332 251 1.5 1.5 2 0 0 0 0 0.812
Car -1 -1 -10 -1 269 69 377 1.5 1.5 2 0 0 0 0 0.603
